ID	typeID	X	Y	Z	Vx	Vy	Vz	R	N_contact	Contact_IDs
0	0	16.0715	-12.2611	0	0.0110871	0.0296428	0	10
1	0	-26.4855	12.9053	0	0.0305515	-0.0267611	0	10
2	0	-84.7604	-38.7874	0	0.0284075	0.0423719	0	10
3	0	-86.6068	-6.0012	0	0.191104	0.0105924	0	10
4	0	110.954	-11.1457	0	-0.214393	0.0344441	0	10
5	0	-35.3132	-41.8336	0	0.0585563	0.059454	0	10
6	0	58.5577	-75.4595	0	-0.124706	0.154329	0	10
7	0	-36.7934	22.7509	0	0.0338795	-0.027383	0	10
8	0	14.407	-53.2243	0	-0.0176137	0.100452	0	10
9	0	51.9021	35.3691	0	-0.019265	-0.0378125	0	10
10	0	30.891	-40.3857	0	-0.0261027	0.0910258	0	10
11	0	27.7041	75.2898	0	-0.082092	-0.13431	0	10
12	0	36.2935	84.1293	0	-0.0494035	-0.162535	0	10
13	0	-22.9492	64.3857	0	0.0780006	-0.120031	0	10
14	0	51.2573	-0.245736	0	-0.0782694	0.0161384	0	10
15	0	-17.4223	22.9055	0	0.0313894	-0.018266	0	10
16	0	12.2521	15.0255	0	-0.0198785	-0.00980083	0	10
17	0	-10.9426	6.6853	0	-0.068842	-0.0120955	0	10
18	0	64.5412	27.5764	0	-0.122555	-0.0255677	0	10
19	0	19.8039	43.4315	0	-0.0543206	-0.072357	0	10
20	0	85.1907	-75.3325	0	-0.124983	0.151474	0	10
21	0	-73.7636	-41.1382	0	0.0616076	0.118219	0	10
22	0	-38.6354	-19.3913	0	0.136434	0.000430224	0	10
23	0	0.468633	42.0587	0	-0.0131585	-0.0587946	0	10
24	0	-13.1071	-17.8351	0	0.030463	-0.0376535	0	10
25	0	27.1777	-8.34709	0	-0.0566198	-0.0222352	0	10
26	0	4.34358	-13.5679	0	-0.0503427	0.0677828	0	10
27	0	9.66298	52.4315	0	0.0102622	-0.0757552	0	10
28	0	-60.8142	-42.3024	0	0.120771	0.0901893	0	10
29	0	-46.2412	-68.0672	0	0.0850967	0.131256	0	10
30	0	4.86962	-27.2282	0	-0.0122947	0.0628846	0	10
31	0	-7.92611	-92.8654	0	-0.00230765	0.179524	0	10
32	0	-48.0336	-3.01128	0	0.0434057	-0.00537021	0	10
33	0	7.49561	-21.7441	0	-0.0240234	0.0232172	0	10
34	0	33.0946	-96.3417	0	-0.0689853	0.1731	0	10
35	0	-5.0707	-0.608546	0	-0.0233405	0.114611	0	10
36	0	-38.4278	-12.838	0	0.00964173	0.0327326	0	10
37	0	-20.4077	56.3486	0	0.00107218	-0.0678578	0	10
38	0	101.788	-21.2532	0	-0.228354	0.0598943	0	10
39	0	-15.7295	51.5801	0	-0.00790626	-0.0702534	0	10
40	0	9.93995	-16.7009	0	-0.035512	-0.0261928	0	10
41	0	99.5434	35.2622	0	-0.22549	-0.10272	0	10
42	0	36.1044	24.5121	0	-0.0267953	-0.0283997	0	10
43	0	-66.9544	-7.94077	0	0.0943959	-0.00328621	0	10
44	0	-17.8345	43.3322	0	0.0160081	-0.062681	0	10
45	0	-17.3577	-102.126	0	-0.01103	0.205399	0	10
46	0	86.5143	32.4744	0	-0.221471	-0.0474652	0	10
47	0	52.5227	23.8959	0	-0.119285	-0.0433966	0	10
48	0	78.053	-12.1094	0	-0.202401	0.0698282	0	10
49	0	-31.7247	18.4107	0	0.0160125	-0.0349877	0	10
50	0	4.98742	-67.135	0	0.0189953	0.146538	0	10
51	0	92.1172	22.9755	0	-0.194647	-0.0301463	0	10
52	0	66.9198	-43.4424	0	-0.144771	0.124742	0	10
53	0	-26.4622	-6.30394	0	0.0390398	-0.00455985	0	10
54	0	-42.2795	28.0363	0	0.0692212	0.0237704	0	10
55	0	19.5202	50.6757	0	-0.0642705	-0.0738857	0	10
56	0	-31.3483	-23.646	0	-0.0214226	0.0348481	0	10
57	0	22.4504	28.9251	0	0.011495	-0.0422392	0	10
58	0	25.6472	-70.082	0	-0.0467982	0.16656	0	10
59	0	-26.7948	1.00163	0	0.0380575	-0.00835884	0	10
60	0	36.7655	-0.192846	0	-0.0552341	0.0169966	0	10
61	0	43.6289	-59.7486	0	-0.0923692	0.177246	0	10
62	0	5.17572	18.5926	0	-0.0420693	0.00245239	0	10
63	0	-6.12391	4.19954	0	0.00406668	0.177464	0	10
64	0	33.2502	38.0947	0	-0.0182874	-0.0385754	0	10
65	0	-44.3797	5.79881	0	0.0406184	-0.00560215	0	10
66	0	18.3816	72.0544	0	-0.0277394	-0.164683	0	10
67	0	-20.0753	17.3327	0	0.0227798	0.0115979	0	10
68	0	-4.92026	-27.4547	0	0.0249642	0.00510764	0	10
69	0	-40.4122	46.7121	0	0.0953211	-0.0392947	0	10
70	0	4.98066	1.12004	0	0.0139877	0.133077	0	10
71	0	-18.736	-30.049	0	0.0262944	0.0415783	0	10
72	0	-80.9887	-51.7771	0	0.173465	0.0911842	0	10
73	0	-42.4106	77.2217	0	0.0951027	-0.180473	0	10
74	0	-24.9572	-41.6674	0	-0.0189811	0.0808632	0	10
75	0	-49.7033	27.2691	0	0.100553	-0.07922	0	10
76	0	-11.5103	-80.9275	0	-0.0170479	0.155437	0	10
77	0	-2.53673	-14.6233	0	-0.0600734	0.0278339	0	10
78	0	-12.672	1.28209	0	-0.0238686	0.00408895	0	10
79	0	-81.6598	64.1727	0	0.148784	-0.164758	0	10
80	0	-26.5709	-52.7404	0	0.146922	0.0875822	0	10
81	0	58.6008	-43.372	0	-0.132614	0.0883006	0	10
82	0	-30.7963	73.319	0	0.0909773	-0.147664	0	10
83	0	8.8642	32.2758	0	0.0361503	-0.0424553	0	10
84	0	7.14788	39.3145	0	-0.0239257	-0.0579744	0	10
85	0	-0.859694	-62.859	0	-0.00492389	0.0798726	0	10
86	0	53.6082	56.3168	0	-0.0953257	-0.100016	0	10
87	0	-36.2827	41.8163	0	0.0603981	-0.0569473	0	10
88	0	-30.0575	-36.1094	0	0.0586221	0.0352892	0	10
89	0	22.3907	-92.4441	0	-0.0519845	0.230852	0	10
90	0	14.4392	63.5921	0	0.00179178	-0.0480833	0	10
91	0	-47.3959	-58.0792	0	0.122425	0.0740706	0	10
92	0	-34.4016	-78.6109	0	0.0300628	0.174199	0	10
93	0	54.3467	8.00159	0	-0.0553602	-0.0343632	0	10
94	0	24.2007	-28.0892	0	-0.0548006	0.0642012	0	10
95	0	-52.6894	-46.6423	0	0.0641422	0.0730493	0	10
96	0	-55.7113	-34.6647	0	0.0848631	0.0889175	0	10
97	0	-79.6264	-65.1032	0	0.109994	0.118473	0	10
98	0	-43.1162	-40.9599	0	0.0296755	0.074031	0	10
99	0	15.9579	25.4848	0	-0.0365042	-0.0315973	0	10
100	0	70.4796	44.692	0	-0.16835	-0.107043	0	10
101	0	-25.508	45.4474	0	-0.0364265	-0.121693	0	10
102	0	40.0135	43.8202	0	-0.0536864	-0.0863526	0	10
103	0	23.589	9.25605	0	-0.00334787	-0.0159881	0	10
104	0	101.676	-34.7857	0	-0.200639	0.0799845	0	10
105	0	-0.409034	4.86281	0	0.0643465	-0.00406269	0	10
106	0	12.8553	45.3685	0	-0.0385611	-0.0663618	0	10
107	0	-7.16452	-50.392	0	-0.00556144	0.0942458	0	10
108	0	-45.8346	51.8115	0	0.028329	-0.0850836	0	10
109	0	-9.13874	-22.52	0	0.059031	-0.0204814	0	10
110	0	39.8622	73.4946	0	-0.0796867	-0.13541	0	10
111	0	-22.6914	-24.9756	0	0.0298199	0.0191883	0	10
112	0	-62.0176	20.3082	0	0.115157	0.0138482	0	10
113	0	74.6845	11.271	0	-0.133959	-0.0162881	0	10
114	0	-12.3074	-11.2031	0	0.0198058	-0.0209317	0	10
115	0	47.5804	-52.4884	0	-0.0809453	0.14052	0	10
116	0	-22.7191	-35.2043	0	0.0384812	0.0594324	0	10
117	0	16.6949	11.6958	0	-0.00257724	0.0136404	0	10
118	0	22.4196	-11.9591	0	-0.0718496	0.0324509	0	10
119	0	86.7199	-53.0924	0	-0.182767	0.0915404	0	10
120	0	2.62505	-18.477	0	-0.00164497	0.0776068	0	10
121	0	-80.9573	2.81781	0	0.195954	0.000342858	0	10
122	0	-14.7996	-72.317	0	0.0590274	0.149965	0	10
123	0	79.2562	-63.9919	0	-0.181323	0.121629	0	10
124	0	56.7598	-62.2798	0	-0.111315	0.107621	0	10
125	0	-58.1775	7.89719	0	0.0476705	-0.0359588	0	10
126	0	23.3044	84.4598	0	-0.0316135	-0.162392	0	10
127	0	9.55727	-10.9513	0	-0.0153481	-0.0580013	0	10
128	0	56.6945	30.0435	0	-0.108822	-0.14175	0	10
129	0	-3.96492	29.5229	0	0.015337	-0.000258714	0	10
130	0	99.0897	-48.5234	0	-0.185013	0.0848445	0	10
131	0	46.4602	-76.758	0	-0.105696	0.196215	0	10
132	0	-12.9925	-27.2646	0	-0.00592058	0.0779849	0	10
133	0	-25.4206	19.4052	0	0.0200907	-0.0373175	0	10
134	0	69.8962	20.6125	0	-0.141593	0.00326296	0	10
135	0	-54.1567	-89.1083	0	0.0570262	0.164768	0	10
136	0	67.0472	8.37215	0	-0.10934	0.033699	0	10
137	0	-2.17802	-9.73787	0	-0.0237355	0.0332332	0	10
138	0	-18.628	97.5919	0	0.0735892	-0.1514	0	10
139	0	78.4624	66.4088	0	-0.223048	-0.101494	0	10
140	0	-67.5352	63.1528	0	0.121511	-0.169359	0	10
141	0	2.44893	34.9146	0	0.00951151	-0.0547698	0	10
142	0	33.659	46.1729	0	-0.0398304	-0.080793	0	10
143	0	48.0291	-6.64558	0	-0.105969	0.0217234	0	10
144	0	-23.976	85.5257	0	0.08649	-0.141056	0	10
145	0	-35.5332	2.47517	0	0.0113181	0.0134847	0	10
146	0	-49.669	68.8694	0	0.100211	-0.187153	0	10
147	0	-68.8141	24.7665	0	0.0803633	-0.127315	0	10
148	0	8.98186	-48.3504	0	-0.0247054	0.0753882	0	10
149	0	78.649	-32.1342	0	-0.173988	0.0507686	0	10
150	0	51.3277	-12.7161	0	-0.117487	0.0137612	0	10
151	0	-15.1444	28.7078	0	0.0328553	-0.0335531	0	10
152	0	48.8861	-33.1802	0	-0.0958406	0.0407294	0	10
153	0	-41.1523	-0.151145	0	0.033779	-0.0107267	0	10
154	0	39.5757	-86.1933	0	-0.0796236	0.177402	0	10
155	0	36.0323	-13.393	0	-0.0574151	0.0299114	0	10
156	0	-4.45134	-19.7695	0	0.0156096	0.0634279	0	10
157	0	13.0792	81.8678	0	0.0091659	-0.182578	0	10
158	0	22.0083	14.6933	0	-0.0333619	-0.0172035	0	10
159	0	-56.1506	-76.3524	0	0.0847043	0.158881	0	10
160	0	88.8834	-39.6945	0	-0.191995	0.0677356	0	10
161	0	-52.3098	-20.9969	0	0.0977826	0.0688843	0	10
162	0	-0.112874	-23.8763	0	0.000969248	0.0633649	0	10
163	0	-74.178	53.4624	0	0.115721	-0.186004	0	10
164	0	5.19079	13.4067	0	-0.0162043	-0.0585006	0	10
165	0	6.99623	-86.4246	0	-0.044782	0.239078	0	10
166	0	44.3982	-25.2558	0	-0.0585685	0.0358004	0	10
167	0	37.2553	-26.3039	0	-0.0681921	0.0609388	0	10
168	0	-15.347	63.2735	0	0.0555865	-0.100625	0	10
169	0	-13.0438	-46.6481	0	-0.0345787	0.0951686	0	10
170	0	-72.2995	10.3901	0	0.130988	0.0596352	0	10
171	0	20.3909	36.097	0	-0.0235123	-0.0349334	0	10
172	0	-8.38909	60.6488	0	-0.0133986	-0.143527	0	10
173	0	-94.3288	33.0147	0	0.155376	-0.0493556	0	10
174	0	39.1445	-69.0358	0	-0.0660813	0.171776	0	10
175	0	9.46868	10.042	0	-0.0487634	-0.0350569	0	10
176	0	37.5442	61.7505	0	-0.0836588	-0.135235	0	10
177	0	5.94898	46.4991	0	-0.0342241	-0.044621	0	10
178	0	-44.303	-49.4139	0	0.0296447	0.0913124	0	10
179	0	-75.7889	-17.7948	0	0.120512	0.0359621	0	10
180	0	-8.26045	-14.6051	0	0.00859904	0.0621709	0	10
181	0	58.2176	40.9013	0	-0.123722	-0.0448015	0	10
182	0	-26.4256	-19.7295	0	0.0376432	-0.0202666	0	10
183	0	6.84156	64.0273	0	-0.0132157	-0.112793	0	10
184	0	-7.74278	53.8568	0	0.0459763	-0.097255	0	10
185	0	-68.4362	-73.8392	0	0.103714	0.154422	0	10
186	0	-22.4837	-63.542	0	0.0365993	0.0740668	0	10
187	0	51.6792	-27.1933	0	-0.0857544	0.0447581	0	10
188	0	69.5872	-16.1319	0	-0.141506	0.0646537	0	10
189	0	64.8019	61.5899	0	-0.109421	-0.0850803	0	10
190	0	-37.886	-59.5424	0	0.128698	0.151432	0	10
191	0	2.0049	-96.8533	0	-0.00186435	0.223785	0	10
192	0	-95.0661	2.46926	0	0.178718	-0.00161538	0	10
193	0	41.1662	-32.3793	0	-0.0624097	0.0834151	0	10
194	0	13.523	6.29815	0	-0.0386402	-0.0311303	0	10
195	0	26.4034	56.4902	0	-0.0645343	-0.133634	0	10
196	0	-36.768	-50.835	0	0.0325923	0.129876	0	10
197	0	-3.89212	36.1603	0	-0.00368085	-0.0204603	0	10
198	0	-14.5947	-62.9747	0	0.000294598	0.15194	0	10
199	0	-44.2883	-31.1827	0	0.0677198	0.051694	0	10
200	0	2.00976	-37.9139	0	-0.0368323	0.0429414	0	10
201	0	-58.3028	-28.1512	0	0.0910663	0.0774752	0	10
202	0	90.2641	-27.749	0	-0.200874	0.0507795	0	10
203	0	62.6644	14.4327	0	-0.111954	-0.00782527	0	10
204	0	-22.6557	-77.9277	0	0.030316	0.203494	0	10
205	0	-0.107046	62.4536	0	-0.0172724	-0.093664	0	10
206	0	-26.9948	-29.6711	0	0.0113661	0.0646581	0	10
207	0	-96.8666	-25.4439	0	0.179464	0.0144085	0	10
208	0	-61.1978	42.8722	0	0.074792	-0.0864723	0	10
209	0	32.9244	-7.71574	0	-0.0419718	0.0325257	0	10
210	0	-65.4968	85.0651	0	0.135983	-0.182496	0	10
211	0	36.3857	11.8312	0	-0.0425343	0.0156215	0	10
212	0	-26.5684	-69.8295	0	-0.00731257	0.159276	0	10
213	0	-40.9462	-91.6421	0	0.0509568	0.179446	0	10
214	0	49.7263	-66.4012	0	-0.116016	0.185782	0	10
215	0	79.2465	41.0272	0	-0.163562	-0.0240336	0	10
216	0	-19.7107	11.6787	0	-0.0059636	0.00279772	0	10
217	0	36.5081	-44.4462	0	-0.0797943	0.0550198	0	10
218	0	12.9254	-7.28975	0	-0.0196306	-0.0937767	0	10
219	0	-86.6414	-16.659	0	0.153167	0.0135241	0	10
220	0	-33.4444	30.0207	0	-0.00395425	-0.0962674	0	10
221	0	89.7689	-15.9777	0	-0.232573	0.0318289	0	10
222	0	79.7417	3.45005	0	-0.156164	-0.0170627	0	10
223	0	54.3812	-20.003	0	-0.0335789	0.0699087	0	10
224	0	-23.2321	38.8871	0	0.0400478	-0.0666824	0	10
225	0	7.08587	-34.271	0	-0.0238197	0.0428248	0	10
226	0	-76.1494	-7.85103	0	0.16102	0.00222695	0	10
227	0	71.7457	-76.6965	0	-0.136474	0.197288	0	10
228	0	0.0792343	-31.418	0	0.0224605	0.0472548	0	10
229	0	10.1966	-3.38498	0	0.0694202	-0.0493451	0	10
230	0	-66.8386	-34.878	0	0.130924	0.0182265	0	10
231	0	-45.8042	13.7511	0	0.138079	-0.0710808	0	10
232	0	15.923	-83.5208	0	-0.0467482	0.224151	0	10
233	0	39.951	18.8893	0	-0.06618	-0.0833862	0	10
234	0	-4.34741	-36.8044	0	-0.0269128	0.0922446	0	10
235	0	-50.6904	8.39439	0	0.0105282	0.0101644	0	10
236	0	15.787	-17.9126	0	-0.0061435	0.0554996	0	10
237	0	-9.26461	39.718	0	0.00248839	-0.0434963	0	10
238	0	27.649	4.63815	0	-0.0252026	-0.0208455	0	10
239	0	-55.5256	59.9664	0	0.118029	-0.132505	0	10
240	0	-20.9711	-8.00599	0	0.0250833	-0.0151961	0	10
241	0	-29.8304	-59.4319	0	0.0545456	0.149174	0	10
242	0	-32.708	49.7492	0	0.0393884	-0.0994321	0	10
243	0	13.0104	-67.074	0	-0.0260359	0.11258	0	10
244	0	30.4615	-26.7313	0	-0.0502178	0.0247062	0	10
245	0	-84.0738	-27.7091	0	0.181233	0.0239001	0	10
246	0	-97.8818	15.043	0	0.109705	0.0134778	0	10
247	0	46.3339	-44.9183	0	-0.129553	0.0894709	0	10
248	0	47.1279	18.6559	0	-0.0359887	0.016379	0	10
249	0	15.3645	31.6284	0	0.043388	-0.0598831	0	10
250	0	-5.44871	-107.263	0	0.000982337	0.220465	0	10
251	0	-14.3336	84.2302	0	0.0640821	-0.159246	0	10
252	0	-44.5496	-79.2226	0	0.0582522	0.147813	0	10
253	0	-13.9772	15.2211	0	0.00294114	-0.00953581	0	10
254	0	24.085	-3.87356	0	0.018824	-0.0132181	0	10
255	0	-19.3312	-54.672	0	0.0741482	0.0486925	0	10
256	0	-32.8571	11.7303	0	0.051024	-0.0201238	0	10
257	0	-8.54459	-32.1406	0	-0.0303308	0.0566006	0	10
258	0	29.8034	11.8309	0	-0.047197	-0.00976925	0	10
259	0	50.4155	85.8226	0	-0.0610742	-0.155232	0	10
260	0	-25.6398	-12.8282	0	0.00713111	0.0032995	0	10
261	0	-44.363	59.4556	0	0.156718	-0.131832	0	10
262	0	23.099	-57.5446	0	-0.0976463	0.138176	0	10
263	0	26.68	49.0633	0	-0.0510885	-0.0860255	0	10
264	0	11.049	20.2695	0	-0.020294	-0.0179263	0	10
265	0	19.5643	-23.768	0	-0.0645068	0.0435756	0	10
266	0	-38.9369	15.2295	0	0.0482628	0.027858	0	10
267	0	31.4599	-63.963	0	-0.0817257	0.11014	0	10
268	0	3.70965	23.6474	0	-0.0139277	-0.00403737	0	10
269	0	18.7261	-6.49883	0	-0.0612233	0.0455814	0	10
270	0	-31.6684	-2.50001	0	0.0340476	0.0141605	0	10
271	0	-14.1993	-34.8634	0	-0.00301523	0.04628	0	10
272	0	-52.6215	81.9015	0	0.123718	-0.189756	0	10
273	0	47.1084	5.73042	0	-0.0776613	0.0456369	0	10
274	0	33.2338	-20.0883	0	-0.0488407	0.0226133	0	10
275	0	33.2956	18.1429	0	-0.0881901	0.022011	0	10
276	0	5.08308	-3.97306	0	0.0112093	0.149361	0	10
277	0	-57.0511	-54.0729	0	0.110698	0.0776335	0	10
278	0	-64.8297	12.9809	0	0.17687	-0.014035	0	10
279	0	-49.6542	41.0284	0	0.0535872	-0.0776934	0	10
280	0	-2.70689	23.2243	0	0.0170277	0.0134071	0	10
281	0	-31.5973	97.0319	0	0.0811954	-0.172293	0	10
282	0	-57.3082	-64.8484	0	0.0853612	0.137203	0	10
283	0	6.99857	5.43164	0	-0.0670319	0.0724733	0	10
284	0	26.5147	-21.1856	0	-0.0301426	0.0317229	0	10
285	0	21.3669	-40.8447	0	-0.0349245	0.0921637	0	10
286	0	106.835	2.49141	0	-0.226856	0.00666048	0	10
287	0	-38.2602	33.9931	0	0.066566	0.00323762	0	10
288	0	50.459	46.9235	0	-0.143598	-0.0562658	0	10
289	0	-10.1199	32.7469	0	0.015934	-0.0375338	0	10
290	0	-1.76864	-83.0999	0	-0.0539325	0.187504	0	10
291	0	67.3121	0.286448	0	-0.164386	0.0249762	0	10
292	0	-80.3593	29.7296	0	0.134279	-0.0328969	0	10
293	0	-7.01262	-8.10408	0	-0.0202869	0.0293545	0	10
294	0	17.1244	-0.925006	0	-0.0176252	-0.017824	0	10
295	0	-51.4338	20.6867	0	0.0660398	-0.0879875	0	10
296	0	-13.9922	-6.50179	0	0.0457843	-0.0130157	0	10
297	0	-62.8343	2.65766	0	0.0417916	-0.0524829	0	10
298	0	-18.3595	4.01398	0	-0.00623874	-0.0477654	0	10
299	0	28.7149	24.5221	0	-0.0387679	-0.00687314	0	10
300	0	-84.62	11.4361	0	0.102923	-0.0555724	0	10
301	0	82.9129	53.4564	0	-0.154898	-0.0505406	0	10
302	0	-17.6427	-40.9144	0	-0.00519505	0.0387118	0	10
303	0	-71.0283	33.8233	0	0.152505	-0.156125	0	10
304	0	-57.9183	-16.7314	0	0.104205	0.0431121	0	10
305	0	20.2347	-49.6433	0	-0.0107154	0.143217	0	10
306	0	12.0948	1.26263	0	0.0911248	-0.00741006	0	10
307	0	40.1151	-19.0899	0	-0.0568365	0.0567139	0	10
308	0	-44.1399	36.8256	0	0.0530153	0.0109903	0	10
309	0	0.272375	-50.7199	0	-0.0307248	0.0744839	0	10
310	0	80.0115	-21.931	0	-0.182832	0.04557	0	10
311	0	-5.23236	69.0725	0	0.0010842	-0.165496	0	10
312	0	10.4973	-59.3183	0	-0.0379604	0.12267	0	10
313	0	-38.5001	8.16732	0	0.0336169	0.00132819	0	10
314	0	61.0558	-17.6179	0	-0.0634896	0.0335236	0	10
315	0	30.6252	-1.3522	0	-0.0344855	0.00915492	0	10
316	0	-31.9834	-16.4735	0	0.0549133	0.0450741	0	10
317	0	27.7055	-83.2632	0	-0.0460936	0.180942	0	10
318	0	-36.0403	-68.5569	0	0.0252636	0.15763	0	10
319	0	-56.3747	-9.6504	0	0.0712331	0.0264519	0	10
320	0	20.9491	-34.3695	0	-0.0420823	0.0570547	0	10
321	0	-5.12525	81.6123	0	0.0452519	-0.16288	0	10
322	0	28.2705	95.9245	0	-0.0549726	-0.175526	0	10
323	0	67.4052	75.0566	0	-0.210494	-0.0671651	0	10
324	0	15.4706	56.4963	0	-0.0399893	-0.0397515	0	10
325	0	33.408	-76.1563	0	-0.0632591	0.1637	0	10
326	0	-37.2383	-5.78361	0	0.0424184	0.0254954	0	10
327	0	-38.4785	67.0153	0	0.0805827	-0.13133	0	10
328	0	-30.4898	-46.6509	0	-0.00549204	0.00209752	0	10
329	0	-87.1306	51.7052	0	0.0861137	-0.121975	0	10
330	0	26.6833	-45.4783	0	-0.0157507	0.104856	0	10
331	0	18.9177	5.48807	0	-0.00208127	0.0022909	0	10
332	0	14.6274	-36.8081	0	-0.0426027	0.0524836	0	10
333	0	-1.28387	-4.57525	0	-0.0446418	-0.0584504	0	10
334	0	59.6582	3.86932	0	-0.0792711	-0.0199153	0	10
335	0	-17.9491	-12.7465	0	0.047463	0.00199938	0	10
336	0	-22.8053	25.9145	0	0.0166215	-0.0256744	0	10
337	0	-66.2946	-16.1244	0	0.128675	0.0153359	0	10
338	0	45.649	39.6021	0	-0.0620753	-0.0775134	0	10
339	0	-12.1069	20.8993	0	0.0195624	0.00863527	0	10
340	0	55.347	-52.2398	0	-0.106578	0.0777986	0	10
341	0	30.963	66.9345	0	-0.0326325	-0.105273	0	10
342	0	4.15089	87.1596	0	0.0198534	-0.132413	0	10
343	0	13.3878	-97.5849	0	-0.0378005	0.252166	0	10
344	0	-98.9692	-11.0981	0	0.182448	0.0203059	0	10
345	0	-1.15878	50.7038	0	0.0495479	-0.0854363	0	10
346	0	-54.9367	15.0472	0	0.0904035	-0.0439719	0	10
347	0	26.6287	17.6685	0	-0.0515976	-0.0120474	0	10
348	0	-12.0716	46.6663	0	-0.00670034	-0.0369652	0	10
349	0	99.1901	12.9095	0	-0.231472	-0.0276228	0	10
350	0	-8.8068	25.7757	0	0.0300217	-0.0135527	0	10
351	0	17.3778	19.0922	0	-0.0180932	0.00195365	0	10
352	0	-73.8766	74.8166	0	0.138711	-0.171282	0	10
353	0	-49.4899	-11.7297	0	0.0669536	-0.0305912	0	10
354	0	34.9713	54.3472	0	-0.0690906	-0.126054	0	10
355	0	65.9294	36.407	0	-0.142158	-0.069499	0	10
356	0	57.7187	-9.67536	0	-0.152273	0.0233442	0	10
357	0	-75.667	19.2491	0	0.0922219	-0.058924	0	10
358	0	-43.9608	-8.31792	0	0.015667	0.00814758	0	10
359	0	-7.75743	-68.3158	0	-0.00812032	0.140249	0	10
360	0	-30.2131	62.575	0	0.0573475	-0.0866148	0	10
361	0	-16.9866	-22.3748	0	-0.00436586	0.0635522	0	10
362	0	13.7365	38.4585	0	-0.0402184	-0.06818	0	10
363	0	9.17226	-40.8167	0	-0.0391153	0.0484347	0	10
364	0	-40.0301	-25.4949	0	0.0094354	-1.15081e-05	0	10
365	0	41.6449	-39.1851	0	-0.0755881	0.0721748	0	10
366	0	-30.3022	-100.602	0	0.0129317	0.207345	0	10
367	0	3.68483	-8.65571	0	-0.00402802	0.0927698	0	10
368	0	74.6326	30.9635	0	-0.158884	-0.0367287	0	10
369	0	-67.9875	-60.5448	0	0.0814816	0.17212	0	10
370	0	18.9896	-74.9854	0	-0.02865	0.160894	0	10
371	0	28.2655	-52.1566	0	-0.0872492	0.0800943	0	10
372	0	8.15945	-75.3313	0	-0.0370504	0.184225	0	10
373	0	64.4491	-54.1843	0	-0.136949	0.153349	0	10
374	0	73.629	-3.48734	0	-0.205332	0.0448556	0	10
375	0	-29.8535	6.42801	0	0.0205718	-0.0177624	0	10
376	0	68.946	-34.2671	0	-0.136818	0.100129	0	10
377	0	-61.5365	34.8246	0	0.123127	-0.0580404	0	10
378	0	-64.6743	-23.9675	0	0.0787477	0.0300203	0	10
379	0	56.8095	67.7492	0	-0.144348	-0.150103	0	10
380	0	44.7896	25.3739	0	-0.133455	-0.0424432	0	10
381	0	91.7511	45.2237	0	-0.163519	-0.0653315	0	10
382	0	22.4124	22.7838	0	-0.0375885	-0.023779	0	10
383	0	-53.0279	48.2907	0	0.0829378	-0.112856	0	10
384	0	-0.769537	17.5976	0	0.0256003	0.143106	0	10
385	0	10.7126	-29.7168	0	-0.02579	0.00666824	0	10
386	0	-9.18401	-3.11554	0	-0.022405	0.0774402	0	10
387	0	77.8399	-43.0747	0	-0.187505	0.0738805	0	10
388	0	16.6489	-29.6866	0	-0.0436631	0.0505413	0	10
389	0	-20.2504	31.9883	0	0.0322167	-0.0526928	0	10
390	0	-4.88806	45.2364	0	-0.0255094	-0.0393636	0	10
391	0	74.0399	-53.415	0	-0.169218	0.112769	0	10
392	0	60.54	-25.9613	0	-0.14594	0.0501554	0	10
393	0	-12.3542	-55.709	0	0.050185	0.138198	0	10
394	0	-34.9904	56.5081	0	0.116128	-0.104721	0	10
395	0	-55.9665	95.3087	0	0.133279	-0.192428	0	10
396	0	-1.91734	13.0271	0	0.0896681	0.0139231	0	10
397	0	2.49298	9.03382	0	-0.00851109	-0.0745963	0	10
398	0	43.654	12.2473	0	-0.0481208	-0.00543189	0	10
399	0	-60.4221	72.2311	0	0.123775	-0.171091	0	10
400	0	15.1838	94.7203	0	-0.0265128	-0.175752	0	10
401	0	-43.2991	91.2218	0	0.116582	-0.197582	0	10
402	0	92.6047	3.22166	0	-0.213668	-0.0156547	0	10
403	0	-37.5206	-35.3052	0	0.035698	0.0203128	0	10
404	0	-6.96107	18.6175	0	-0.0119085	-0.012199	0	10
405	0	-15.3738	8.85359	0	-0.0558974	-0.0329567	0	10
406	0	39.1922	-6.48442	0	-0.0685753	0.0279667	0	10
407	0	46.0819	62.8494	0	-0.114304	-0.124424	0	10
408	0	5.10277	-55.4626	0	0.0147216	0.134658	0	10
409	0	-87.7504	22.1124	0	0.156078	-0.0491347	0	10
410	0	-8.66766	13.145	0	-0.0305851	-0.0421618	0	10
411	0	23.315	63.126	0	0.00242613	-0.132534	0	10
412	0	-25.6908	52.1624	0	0.0707099	-0.128783	0	10
413	0	105.962	23.8067	0	-0.169075	-0.0829611	0	10
414	0	8.45	-109.625	0	0.0056266	0.239125	0	10
415	0	58.5309	-3.15733	0	-0.11187	-0.00866178	0	10
416	0	-62.2268	52.3947	0	0.130006	-0.115056	0	10
417	0	-20.5604	-17.4328	0	0.00617179	0.0516334	0	10
418	0	-29.2781	-87.9116	0	0.0499445	0.215159	0	10
419	0	65.765	-9.26399	0	-0.166394	0.0227438	0	10
420	0	22.87	1.35414	0	-0.052307	-0.0186117	0	10
421	0	64.5763	-88.0865	0	-0.0922551	0.174602	0	10
422	0	71.8536	54.8223	0	-0.169062	-0.170861	0	10
423	0	-1.66642	-74.3049	0	0.0179811	0.138465	0	10
424	0	43.991	-1.04853	0	-0.0428603	0.019013	0	10
425	0	-3.95946	-43.9816	0	-0.017295	0.0861169	0	10
426	0	21.87	-17.3612	0	-0.0148306	0.010379	0	10
427	0	34.2346	-33.5209	0	-0.0368087	0.0418508	0	10
428	0	52.1649	13.7688	0	-0.0746182	-0.0397574	0	10
429	0	3.08256	-44.5892	0	-0.0381804	0.0614519	0	10
430	0	-48.4339	-26.0655	0	0.0701612	0.0685187	0	10
431	0	85.6434	-5.24618	0	-0.21444	-0.0031187	0	10
432	0	26.6414	41.4302	0	-0.0404447	-0.0258394	0	10
433	0	-6.87933	94.193	0	0.0442069	-0.174747	0	10
434	0	-15.603	36.8413	0	0.0158981	-0.0426781	0	10
435	0	58.5928	19.6531	0	-0.104231	-0.0399287	0	10
436	0	60.1002	-32.9755	0	-0.0972304	0.0846871	0	10
437	0	66.9639	-65.423	0	-0.170373	0.162094	0	10
438	0	13.1063	-23.575	0	-0.0337756	0.0320027	0	10
439	0	98.1577	-7.78918	0	-0.22667	0.0135959	0	10
440	0	-30.158	38.9267	0	0.0424241	-0.167453	0	10
441	0	38.0927	33.13	0	-0.0291513	-0.093476	0	10
442	0	52.0033	-87.6425	0	-0.098197	0.210645	0	10
443	0	-67.6487	-49.8968	0	0.15877	0.173841	0	10
444	0	-49.1564	-37.6231	0	0.0648647	0.0969002	0	10
445	0	3.4092	55.7385	0	0.00429693	-0.0437936	0	10
446	0	45.5952	-99.3061	0	-0.0568617	0.20714	0	10
447	0	-29.4688	25.1475	0	0.0500833	-0.0562701	0	10
448	0	43.1999	-11.914	0	-0.0721125	0.0106203	0	10
449	0	-33.7061	83.4855	0	0.106027	-0.188898	0	10
450	0	-23.8095	6.85851	0	0.02309	-0.0255554	0	10
451	0	38.1544	-51.1646	0	-0.102326	0.0595978	0	10
452	0	27.7894	-34.469	0	-0.0583991	0.0783824	0	10
453	0	-73.7463	-28.293	0	0.131457	0.0449217	0	10
454	0	32.1494	30.0196	0	-0.0263005	0.00129698	0	10
455	0	2.36034	28.9523	0	0.023661	-0.0292484	0	10
456	0	85.8358	12.6467	0	-0.189726	-0.000126798	0	10
457	0	9.67593	26.2485	0	-0.0131522	-0.0413032	0	10
458	0	40.4855	5.96788	0	-0.0733977	-0.0127156	0	10
459	0	-21.8731	74.2303	0	0.0489186	-0.125896	0	10
460	0	-27.2293	32.3157	0	0.0318539	-0.0774528	0	10
461	0	-12.9044	72.9199	0	0.0308641	-0.125571	0	10
462	0	-16.7327	-2.50894	0	0.0191667	-0.061261	0	10
463	0	60.835	49.6411	0	-0.157436	-0.0782264	0	10
464	0	50.0464	74.7419	0	-0.11148	-0.138524	0	10
465	0	43.8896	52.2199	0	-0.0869422	-0.0780439	0	10
466	0	8.53583	73.1647	0	-0.0384209	-0.107802	0	10
467	0	-43.2783	20.5956	0	-0.00208406	0.0117963	0	10
468	0	29.1757	-14.7634	0	-0.0398846	0.0304551	0	10
469	0	-70.826	0.962148	0	0.0910143	0.0275564	0	10
470	0	34.2486	-57.2923	0	-0.106319	0.0848234	0	10
471	0	-20.5296	-47.7067	0	-0.0572095	0.085571	0	10
472	0	-58.9375	-3.7878	0	0.111639	0.015045	0	10
473	0	-71.9136	43.6596	0	0.130915	-0.152374	0	10
474	0	-58.5576	27.4858	0	0.113408	-0.0409929	0	10
475	0	44.268	31.6695	0	0.00643929	-0.00828472	0	10
476	0	-52.526	34.4452	0	0.0964088	-0.111869	0	10
477	0	-18.7846	-89.4431	0	0.0125311	0.201622	0	10
478	0	70.0151	-24.3965	0	-0.135887	0.0713234	0	10
479	0	23.9157	-106.437	0	-0.0952291	0.217153	0	10
480	0	-34.455	-29.1718	0	0.0595028	0.00536633	0	10
481	0	-4.89468	-57.6793	0	0.0496564	0.0910645	0	10
482	0	26.6918	34.1409	0	-0.0206739	-0.0091756	0	10
483	0	47.0239	-18.6366	0	-0.0542801	-0.0162222	0	10
484	0	-10.151	-40.5348	0	-0.00594609	0.0510746	0	10
485	0	1.03888	74.9629	0	-0.0142512	-0.130123	0	10
486	0	19.6159	-63.0386	0	-0.06764	0.117953	0	10
487	0	15.2774	-44.3647	0	-0.0355966	0.0591266	0	10
488	0	-45.1142	-17.3081	0	0.143494	0.0155313	0	10
489	0	-83.2237	40.4035	0	0.176421	-0.0702907	0	10
490	0	41.7162	96.0001	0	-0.0689821	-0.158363	0	10
491	0	79.5875	21.7014	0	-0.18746	-0.0348234	0	10
492	0	-31.87	-10.1052	0	0.000913889	0.0311823	0	10
493	0	-0.0196371	0.363485	0	-0.0595864	0.475324	0	10
494	0	-52.325	1.21117	0	0.0930218	0.0095385	0	10
495	0	52.8952	-39.3469	0	-0.0776879	0.0991026	0	10
496	0	3.77396	100.629	0	0.00466464	-0.117101	0	10
497	0	-5.12846	9.18877	0	0.127386	-0.0595495	0	10
498	0	-21.9899	-0.982197	0	0.0188575	-0.0374553	0	10
499	0	33.3041	5.6278	0	-0.0443836	0.0303793	0	10
