0 |0 |0 |0 |0 |0 |0 |0 |0 |0 |0 |0 |0 |0 |0 |0 |0 |0 |0 |0 |0 |0 |0 |0 |0 |0 |0 |0 |0 |0 |0 |0 |0 |0 |0 |0 |0 |0 |0 |0 |0 |0 |0 |0 |0 |0 |0 |0 |0 |0 |0 |0 |0 |0 |0 |0 |0 |0 |0 |0 |0 |0 |0 |0 |0 |0 |0 |0 |0 |0 |0 |0 |0 |0 |0 |0 |0 |0 |0 |0 |0 |0 |0 |0 |0 |0 |0 |0 |0 |0 |0 |0 |0 |0 |0 |0 |0 |0 |0 |0 |
0 |0 |0 |0 |0 |0 |0 |0 |0 |0 |0 |0 |0 |0 |0 |0 |0 |0 |0 |0 |0 |0 |0 |0 |0 |0 |0 |0 |0 |0 |0 |0 |0 |0 |0 |0 |0 |0 |0 |0 |0 |0 |0 |0 |0 |0 |0 |0 |0 |0 |0 |0 |0 |0 |0 |0 |0 |0 |0 |0 |0 |0 |0 |0 |0 |0 |0 |0 |0 |0 |0 |0 |0 |0 |0 |0 |0 |0 |0 |0 |0 |0 |0 |0 |0 |0 |0 |0 |0 |0 |0 |0 |0 |0 |0 |0 |0 |0 |0 |0 |
0 |0 |0 |0 |0 |0 |0 |0 |0 |0 |0 |0 |0 |0 |0 |0 |0 |0 |0 |0 |0 |0 |0 |0 |0 |0 |0 |0 |0 |0 |0 |0 |0 |0 |0 |0 |0 |0 |0 |0 |0 |0 |0 |0 |0 |0 |0 |0 |0 |0 |0 |0 |0 |0 |0 |0 |0 |0 |0 |0 |0 |0 |0 |0 |0 |0 |0 |0 |0 |0 |0 |0 |0 |0 |0 |0 |0 |0 |0 |0 |0 |0 |0 |0 |0 |0 |0 |0 |0 |0 |0 |0 |0 |0 |0 |0 |0 |0 |0 |0 |
0 |0 |0 |0 |0 |0 |0 |0 |0 |0 |0 |0 |0 |0 |0 |0 |0 |0 |0 |0 |0 |0 |0 |0 |0 |0 |0 |0 |0 |0 |0 |0 |0 |0 |0 |0 |0 |0 |0 |0 |0 |0 |0 |0 |0 |0 |0 |0 |0 |0 |0 |0 |0 |0 |0 |0 |0 |0 |0 |0 |0 |0 |0 |0 |0 |0 |0 |0 |0 |0 |0 |0 |0 |0 |0 |0 |0 |0 |0 |0 |0 |0 |0 |0 |0 |0 |0 |0 |0 |0 |0 |0 |0 |0 |0 |0 |0 |0 |0 |0 |
0 |0 |0 |0 |0 |0 |0 |0 |0 |0 |0 |0 |0 |0 |0 |0 |0 |0 |0 |0 |0 |0 |0 |0 |0 |0 |0 |0 |0 |0 |0 |0 |0 |0 |0 |0 |0 |0 |0 |0 |0 |0 |0 |0 |0 |0 |0 |0 |0 |0 |0 |0 |0 |0 |0 |0 |0 |0 |0 |0 |0 |0 |0 |0 |0 |0 |0 |0 |0 |0 |0 |0 |0 |0 |0 |0 |0 |0 |0 |0 |0 |0 |0 |0 |0 |0 |0 |0 |0 |0 |0 |0 |0 |0 |0 |0 |0 |0 |0 |0 |
0 |0 |0 |0 |0 |0 |0 |0 |0 |0 |0 |0 |0 |0 |0 |0 |0 |0 |0 |0 |0 |0 |0 |0 |0 |0 |0 |0 |0 |0 |0 |0 |0 |0 |0 |0 |0 |0 |0 |0 |0 |0 |0 |0 |0 |0 |0 |0 |0 |0 |0 |0 |0 |0 |0 |0 |0 |0 |0 |0 |0 |0 |0 |0 |0 |0 |0 |0 |0 |0 |0 |0 |0 |0 |0 |0 |0 |0 |0 |0 |0 |0 |0 |0 |0 |0 |0 |0 |0 |0 |0 |0 |0 |0 |0 |0 |0 |0 |0 |0 |
0 |0 |0 |0 |0 |0 |0 |0 |0 |0 |0 |0 |0 |0 |0 |0 |0 |0 |0 |0 |0 |0 |0 |0 |0 |0 |0 |0 |0 |1 |0 |0 |0 |0 |0 |0 |0 |0 |0 |0 |0 |0 |0 |0 |0 |0 |0 |0 |0 |0 |0 |0 |0 |0 |0 |0 |0 |0 |0 |0 |0 |0 |0 |0 |0 |0 |0 |0 |0 |0 |0 |0 |0 |0 |0 |0 |0 |0 |0 |0 |0 |0 |0 |0 |0 |0 |0 |0 |0 |0 |0 |0 |0 |0 |0 |0 |0 |0 |0 |0 |
0 |0 |0 |0 |0 |0 |0 |0 |0 |0 |0 |0 |0 |0 |0 |0 |0 |0 |0 |0 |0 |0 |0 |0 |0 |0 |0 |0 |0 |0 |0 |0 |0 |0 |0 |0 |0 |0 |0 |0 |0 |0 |0 |0 |0 |0 |0 |0 |0 |0 |0 |0 |0 |0 |0 |0 |0 |0 |0 |0 |0 |0 |0 |0 |0 |0 |0 |0 |0 |0 |0 |0 |0 |0 |0 |0 |0 |0 |0 |0 |0 |0 |0 |0 |0 |0 |0 |0 |0 |0 |0 |0 |0 |0 |0 |0 |0 |0 |0 |0 |
0 |0 |0 |0 |0 |0 |0 |0 |0 |0 |0 |0 |0 |0 |0 |0 |0 |0 |0 |0 |0 |0 |0 |0 |0 |0 |0 |0 |0 |0 |0 |0 |0 |0 |0 |0 |0 |0 |0 |0 |0 |0 |0 |0 |0 |0 |0 |0 |0 |0 |0 |0 |0 |0 |0 |0 |0 |0 |0 |0 |0 |0 |0 |0 |0 |0 |0 |0 |0 |0 |0 |0 |0 |0 |0 |0 |0 |0 |0 |0 |0 |0 |0 |0 |0 |0 |0 |0 |0 |0 |0 |0 |0 |0 |0 |0 |0 |0 |0 |0 |
0 |0 |0 |0 |0 |0 |0 |0 |0 |0 |0 |0 |0 |0 |0 |0 |0 |0 |0 |0 |0 |0 |0 |0 |0 |0 |0 |0 |0 |0 |0 |0 |0 |0 |0 |0 |0 |0 |0 |0 |0 |0 |0 |0 |0 |0 |0 |0 |0 |0 |0 |0 |0 |0 |0 |0 |0 |0 |0 |0 |0 |0 |0 |0 |0 |0 |0 |0 |0 |0 |0 |0 |0 |0 |0 |0 |0 |0 |0 |0 |0 |0 |0 |0 |0 |0 |0 |0 |0 |0 |0 |0 |0 |0 |0 |0 |0 |0 |0 |0 |
0 |0 |0 |0 |0 |0 |0 |0 |0 |0 |0 |0 |0 |0 |0 |0 |0 |0 |0 |0 |0 |0 |0 |0 |0 |0 |0 |0 |0 |0 |0 |0 |0 |0 |0 |0 |0 |0 |0 |0 |0 |0 |0 |0 |0 |0 |0 |0 |0 |0 |0 |0 |0 |0 |0 |0 |0 |0 |0 |0 |0 |0 |0 |0 |0 |0 |0 |0 |0 |0 |0 |0 |0 |0 |0 |0 |0 |0 |0 |0 |0 |0 |0 |0 |0 |0 |0 |0 |0 |0 |0 |0 |0 |0 |0 |0 |0 |0 |0 |0 |
0 |0 |0 |0 |0 |0 |0 |0 |0 |0 |0 |0 |0 |0 |0 |0 |0 |0 |0 |0 |0 |0 |0 |0 |0 |0 |0 |0 |0 |0 |0 |0 |0 |0 |0 |0 |0 |0 |0 |0 |0 |0 |0 |0 |0 |0 |0 |0 |0 |0 |0 |0 |0 |0 |0 |0 |0 |0 |0 |0 |0 |0 |0 |0 |0 |0 |0 |0 |0 |0 |0 |0 |0 |0 |0 |0 |0 |0 |0 |0 |0 |0 |0 |0 |0 |0 |0 |0 |0 |0 |0 |0 |0 |0 |0 |0 |0 |0 |0 |0 |
0 |0 |0 |0 |0 |0 |0 |0 |0 |0 |0 |0 |0 |0 |0 |0 |0 |0 |0 |0 |0 |0 |0 |0 |0 |0 |0 |0 |0 |0 |0 |0 |0 |0 |0 |0 |0 |0 |0 |0 |0 |0 |0 |0 |0 |0 |0 |0 |0 |0 |0 |0 |0 |0 |0 |0 |0 |0 |0 |0 |0 |0 |0 |0 |0 |0 |0 |0 |0 |0 |0 |0 |0 |0 |0 |0 |0 |0 |0 |0 |0 |0 |0 |0 |0 |0 |0 |0 |0 |0 |0 |0 |0 |0 |0 |0 |0 |0 |0 |0 |
0 |0 |0 |0 |0 |0 |0 |0 |0 |0 |0 |0 |0 |0 |0 |0 |0 |0 |0 |0 |0 |0 |0 |0 |0 |0 |0 |0 |0 |0 |0 |0 |0 |0 |0 |0 |0 |0 |0 |0 |0 |0 |0 |0 |0 |0 |1 |0 |0 |0 |0 |0 |0 |0 |0 |0 |0 |0 |0 |0 |0 |0 |0 |0 |0 |0 |0 |0 |0 |0 |0 |0 |0 |0 |0 |0 |0 |0 |0 |0 |0 |0 |0 |0 |0 |0 |0 |0 |0 |0 |0 |0 |0 |0 |0 |0 |0 |0 |0 |0 |
0 |0 |0 |0 |0 |0 |0 |0 |0 |0 |0 |0 |0 |0 |0 |0 |0 |0 |0 |0 |0 |0 |0 |0 |0 |0 |0 |0 |0 |0 |0 |0 |0 |0 |0 |0 |0 |0 |0 |0 |0 |0 |0 |0 |1 |0 |0 |0 |0 |0 |0 |0 |0 |0 |0 |0 |0 |0 |0 |0 |1 |0 |0 |0 |0 |0 |0 |0 |0 |0 |0 |0 |0 |0 |0 |0 |0 |0 |0 |0 |0 |0 |0 |0 |0 |0 |0 |0 |0 |0 |0 |0 |0 |0 |0 |0 |0 |0 |0 |0 |
0 |0 |0 |0 |0 |0 |0 |0 |0 |0 |0 |0 |0 |0 |0 |0 |0 |0 |0 |0 |0 |0 |0 |0 |0 |0 |0 |0 |0 |0 |0 |0 |0 |0 |0 |0 |0 |0 |0 |0 |0 |0 |0 |0 |0 |0 |0 |0 |1 |0 |0 |0 |0 |0 |0 |0 |0 |0 |0 |0 |0 |1 |0 |0 |0 |0 |0 |0 |0 |0 |0 |0 |0 |0 |0 |0 |0 |0 |0 |0 |0 |0 |0 |0 |0 |0 |0 |0 |0 |0 |0 |0 |0 |0 |0 |0 |0 |0 |0 |0 |
0 |0 |0 |0 |0 |0 |0 |0 |0 |0 |0 |0 |0 |0 |0 |0 |0 |0 |0 |0 |0 |0 |0 |0 |0 |0 |0 |0 |0 |0 |0 |0 |0 |0 |0 |0 |0 |0 |0 |0 |0 |0 |0 |0 |0 |0 |0 |0 |0 |1 |0 |0 |0 |0 |0 |0 |0 |0 |0 |0 |0 |0 |0 |0 |0 |0 |0 |0 |0 |0 |0 |0 |0 |0 |0 |0 |0 |0 |0 |0 |0 |0 |0 |0 |0 |0 |0 |0 |0 |0 |0 |0 |0 |0 |0 |0 |0 |0 |0 |0 |
0 |0 |0 |0 |0 |0 |0 |0 |0 |0 |0 |0 |0 |0 |0 |0 |0 |0 |0 |0 |0 |1 |0 |0 |0 |0 |0 |0 |0 |0 |0 |0 |0 |0 |0 |0 |0 |1 |0 |0 |0 |0 |0 |0 |0 |1 |0 |0 |0 |0 |0 |0 |0 |0 |0 |0 |0 |0 |0 |0 |0 |0 |0 |0 |0 |0 |0 |0 |0 |0 |0 |0 |0 |0 |0 |0 |0 |0 |0 |0 |0 |0 |0 |0 |0 |0 |0 |0 |0 |0 |0 |0 |0 |0 |0 |0 |0 |0 |0 |0 |
0 |0 |0 |0 |0 |0 |0 |0 |0 |0 |0 |0 |0 |0 |0 |0 |0 |0 |0 |0 |0 |0 |0 |0 |0 |0 |0 |0 |0 |0 |1 |0 |0 |0 |0 |0 |0 |0 |0 |0 |1 |0 |0 |0 |0 |0 |1 |0 |0 |0 |0 |1 |0 |0 |0 |0 |0 |0 |0 |0 |0 |0 |0 |0 |0 |0 |0 |0 |0 |0 |0 |0 |0 |0 |0 |0 |0 |0 |0 |0 |0 |0 |0 |0 |0 |0 |0 |0 |0 |0 |0 |0 |0 |0 |0 |0 |0 |0 |0 |0 |
0 |0 |0 |0 |0 |0 |0 |0 |0 |0 |0 |0 |0 |0 |0 |0 |0 |0 |0 |0 |0 |0 |0 |0 |0 |0 |0 |0 |0 |0 |0 |0 |0 |0 |0 |0 |0 |0 |0 |0 |0 |0 |0 |0 |0 |0 |0 |0 |0 |0 |0 |1 |0 |0 |0 |0 |0 |0 |0 |0 |0 |0 |0 |0 |0 |0 |0 |0 |0 |0 |0 |0 |0 |0 |0 |0 |0 |0 |0 |0 |0 |0 |0 |0 |0 |0 |0 |0 |0 |0 |0 |0 |0 |0 |0 |0 |0 |0 |0 |0 |
0 |0 |0 |0 |0 |0 |0 |0 |0 |0 |0 |0 |0 |0 |0 |0 |0 |0 |0 |0 |0 |0 |0 |0 |0 |0 |0 |0 |0 |0 |0 |1 |0 |0 |0 |0 |0 |1 |1 |0 |0 |0 |0 |1 |0 |0 |0 |0 |0 |0 |0 |1 |0 |0 |0 |0 |0 |0 |0 |0 |0 |0 |0 |0 |0 |0 |0 |0 |0 |0 |0 |0 |0 |0 |0 |0 |0 |0 |0 |0 |0 |0 |0 |0 |0 |0 |0 |0 |0 |0 |0 |0 |0 |0 |0 |0 |0 |0 |0 |0 |
0 |0 |0 |0 |0 |0 |0 |0 |0 |0 |0 |0 |0 |0 |0 |0 |0 |0 |0 |0 |0 |0 |0 |0 |0 |0 |0 |0 |0 |0 |0 |0 |0 |1 |1 |0 |0 |1 |0 |0 |0 |0 |0 |0 |0 |0 |1 |0 |0 |0 |0 |0 |0 |1 |0 |0 |0 |0 |0 |0 |0 |0 |0 |0 |0 |0 |0 |0 |0 |0 |0 |0 |0 |0 |0 |0 |0 |0 |0 |0 |0 |0 |0 |0 |0 |0 |0 |0 |0 |0 |0 |0 |0 |0 |0 |0 |0 |0 |0 |0 |
0 |0 |0 |0 |0 |0 |0 |0 |0 |0 |0 |0 |0 |0 |0 |0 |0 |0 |0 |0 |0 |0 |0 |0 |0 |0 |0 |0 |0 |0 |0 |1 |0 |0 |0 |1 |0 |0 |0 |0 |0 |0 |0 |1 |0 |0 |0 |1 |0 |1 |0 |0 |0 |0 |0 |0 |2 |1 |0 |0 |0 |0 |0 |0 |0 |0 |0 |0 |0 |0 |0 |0 |0 |0 |0 |0 |0 |0 |0 |0 |0 |0 |0 |0 |0 |0 |0 |0 |0 |0 |0 |0 |0 |0 |0 |0 |0 |0 |0 |0 |
0 |0 |0 |0 |0 |0 |0 |0 |0 |0 |0 |0 |0 |0 |0 |0 |0 |0 |0 |0 |0 |0 |0 |0 |0 |0 |0 |0 |0 |0 |0 |0 |0 |0 |0 |0 |1 |0 |0 |0 |0 |0 |0 |1 |0 |2 |0 |0 |0 |0 |2 |1 |1 |0 |1 |0 |0 |0 |0 |0 |0 |0 |1 |0 |0 |0 |0 |0 |0 |0 |0 |0 |0 |1 |0 |0 |0 |0 |0 |0 |0 |0 |0 |0 |0 |0 |0 |0 |0 |0 |0 |0 |0 |0 |0 |0 |0 |0 |0 |0 |
0 |0 |0 |0 |0 |0 |0 |0 |0 |0 |0 |0 |0 |0 |0 |0 |0 |0 |0 |0 |0 |0 |0 |0 |0 |1 |0 |1 |0 |1 |0 |0 |0 |0 |1 |0 |1 |1 |0 |1 |0 |0 |0 |1 |0 |0 |2 |0 |1 |1 |0 |0 |1 |0 |0 |2 |0 |0 |3 |2 |0 |0 |0 |1 |0 |0 |0 |0 |0 |0 |0 |0 |0 |0 |0 |0 |0 |0 |0 |0 |0 |0 |0 |0 |0 |0 |0 |0 |0 |0 |0 |0 |0 |0 |0 |0 |0 |0 |0 |0 |
0 |0 |0 |0 |0 |0 |0 |0 |0 |0 |0 |0 |0 |0 |0 |0 |0 |0 |0 |0 |0 |0 |0 |0 |0 |0 |0 |0 |0 |0 |0 |0 |0 |0 |0 |0 |0 |0 |0 |0 |1 |0 |0 |0 |0 |2 |0 |1 |1 |1 |0 |2 |1 |0 |0 |0 |0 |0 |0 |1 |0 |2 |0 |0 |0 |1 |0 |0 |0 |0 |0 |0 |0 |0 |0 |0 |0 |0 |0 |0 |0 |0 |0 |0 |0 |0 |0 |0 |0 |0 |0 |0 |0 |0 |0 |0 |0 |0 |0 |0 |
0 |0 |0 |0 |0 |0 |0 |0 |0 |0 |0 |0 |0 |0 |0 |0 |0 |0 |0 |0 |0 |0 |0 |0 |0 |0 |0 |0 |0 |0 |0 |0 |0 |0 |0 |0 |0 |1 |0 |1 |2 |1 |0 |0 |1 |0 |0 |0 |1 |0 |0 |0 |0 |1 |3 |1 |0 |1 |0 |1 |1 |1 |0 |1 |0 |0 |0 |0 |0 |0 |0 |0 |0 |1 |0 |0 |0 |0 |0 |0 |0 |0 |0 |0 |0 |0 |0 |0 |0 |0 |0 |0 |0 |0 |0 |0 |0 |0 |0 |0 |
0 |0 |0 |0 |0 |0 |0 |0 |0 |0 |0 |0 |0 |0 |0 |0 |0 |0 |0 |0 |0 |0 |0 |0 |0 |0 |0 |0 |0 |0 |0 |0 |0 |0 |0 |1 |2 |1 |0 |1 |1 |2 |4 |1 |0 |0 |1 |3 |1 |1 |1 |1 |2 |2 |3 |1 |2 |0 |1 |0 |1 |0 |0 |2 |0 |0 |0 |1 |1 |1 |0 |0 |0 |0 |0 |0 |0 |0 |1 |0 |0 |0 |0 |0 |0 |0 |0 |0 |0 |0 |0 |0 |0 |0 |0 |0 |0 |0 |0 |0 |
0 |0 |0 |0 |0 |0 |0 |0 |0 |0 |0 |0 |0 |0 |0 |0 |0 |0 |0 |0 |0 |0 |0 |0 |0 |0 |0 |0 |0 |0 |0 |1 |0 |0 |0 |0 |2 |1 |1 |0 |0 |1 |2 |1 |0 |0 |0 |1 |2 |2 |2 |2 |2 |1 |1 |0 |1 |2 |0 |2 |2 |4 |0 |0 |2 |2 |1 |0 |0 |0 |0 |0 |0 |0 |0 |0 |0 |0 |0 |0 |0 |0 |0 |0 |0 |0 |0 |0 |0 |0 |0 |0 |0 |0 |0 |0 |0 |0 |0 |0 |
0 |0 |0 |0 |0 |0 |0 |0 |0 |0 |0 |0 |0 |0 |0 |0 |0 |0 |0 |0 |0 |0 |0 |0 |0 |0 |0 |1 |0 |0 |0 |1 |1 |0 |1 |0 |1 |2 |0 |2 |0 |0 |2 |3 |2 |1 |2 |1 |4 |1 |0 |2 |0 |2 |3 |1 |1 |0 |0 |3 |2 |0 |0 |1 |0 |2 |1 |1 |0 |0 |0 |0 |0 |0 |0 |0 |0 |0 |0 |0 |0 |0 |0 |0 |0 |0 |0 |0 |0 |0 |0 |0 |0 |0 |0 |0 |0 |0 |0 |0 |
0 |0 |0 |0 |0 |0 |0 |0 |0 |0 |0 |0 |0 |0 |0 |0 |0 |0 |0 |0 |0 |0 |0 |0 |0 |0 |0 |1 |0 |0 |1 |0 |0 |0 |0 |1 |1 |4 |1 |0 |2 |1 |2 |4 |1 |1 |3 |0 |1 |3 |2 |1 |4 |4 |2 |7 |0 |2 |1 |0 |0 |0 |2 |0 |0 |2 |0 |1 |0 |0 |0 |0 |0 |0 |0 |0 |0 |0 |0 |0 |0 |0 |0 |0 |0 |0 |0 |0 |0 |0 |0 |0 |0 |0 |0 |0 |0 |0 |0 |0 |
0 |0 |0 |0 |0 |0 |0 |0 |0 |0 |0 |0 |0 |0 |0 |0 |0 |0 |0 |0 |0 |0 |0 |0 |0 |0 |0 |0 |1 |1 |0 |1 |1 |0 |0 |1 |1 |1 |0 |1 |2 |0 |3 |2 |4 |5 |2 |1 |6 |4 |0 |5 |4 |2 |7 |2 |2 |3 |2 |3 |1 |1 |1 |2 |2 |2 |1 |1 |0 |0 |0 |1 |0 |1 |0 |0 |0 |0 |0 |0 |0 |0 |0 |0 |0 |0 |0 |0 |0 |0 |0 |0 |0 |0 |0 |0 |0 |0 |0 |0 |
0 |0 |0 |0 |0 |0 |0 |0 |0 |0 |0 |0 |0 |0 |0 |0 |0 |0 |0 |0 |0 |0 |1 |0 |0 |0 |0 |1 |1 |0 |0 |1 |0 |1 |0 |1 |0 |0 |2 |1 |1 |2 |1 |9 |4 |3 |4 |2 |2 |5 |2 |3 |2 |2 |2 |3 |3 |3 |2 |4 |3 |1 |5 |0 |1 |1 |1 |1 |1 |0 |0 |0 |0 |1 |0 |1 |0 |0 |0 |0 |0 |0 |1 |0 |0 |0 |0 |0 |0 |0 |0 |0 |0 |0 |0 |0 |0 |0 |0 |0 |
0 |0 |0 |0 |0 |0 |0 |0 |0 |0 |0 |0 |0 |0 |0 |0 |0 |0 |0 |0 |0 |0 |1 |0 |0 |1 |0 |0 |0 |0 |1 |1 |0 |1 |1 |1 |2 |2 |0 |1 |2 |2 |4 |1 |9 |4 |3 |2 |8 |6 |6 |5 |2 |5 |2 |5 |1 |2 |4 |6 |1 |2 |0 |1 |3 |0 |1 |1 |0 |0 |1 |1 |0 |0 |0 |0 |1 |1 |0 |0 |0 |0 |0 |0 |0 |0 |0 |0 |0 |0 |0 |0 |0 |0 |0 |0 |0 |0 |0 |0 |
0 |0 |0 |0 |0 |0 |0 |0 |0 |0 |0 |0 |0 |0 |0 |0 |0 |0 |1 |0 |0 |0 |0 |0 |1 |0 |0 |0 |1 |1 |1 |2 |1 |4 |2 |0 |2 |2 |2 |0 |2 |1 |2 |4 |1 |7 |6 |4 |2 |5 |2 |6 |3 |2 |5 |5 |7 |3 |8 |2 |6 |3 |1 |2 |0 |1 |1 |1 |0 |2 |0 |1 |1 |0 |0 |0 |0 |0 |0 |0 |0 |0 |0 |0 |0 |1 |0 |0 |0 |0 |0 |0 |0 |0 |0 |0 |0 |0 |0 |0 |
0 |0 |0 |0 |0 |0 |0 |0 |0 |0 |0 |0 |0 |0 |0 |0 |0 |0 |0 |0 |0 |0 |1 |0 |0 |0 |2 |0 |2 |0 |0 |3 |1 |1 |1 |1 |1 |4 |1 |4 |6 |5 |2 |2 |3 |5 |3 |3 |6 |3 |4 |6 |2 |5 |7 |3 |5 |2 |6 |0 |3 |4 |5 |2 |0 |2 |0 |2 |0 |3 |1 |0 |0 |3 |0 |0 |0 |0 |0 |0 |0 |0 |0 |0 |0 |0 |0 |0 |0 |0 |0 |0 |0 |0 |0 |0 |0 |0 |0 |0 |
0 |0 |0 |0 |0 |0 |0 |0 |0 |0 |0 |0 |0 |0 |0 |0 |0 |0 |0 |0 |0 |0 |0 |0 |0 |0 |0 |0 |0 |0 |1 |1 |1 |4 |1 |1 |5 |0 |4 |3 |0 |4 |4 |7 |2 |9 |1 |11 |3 |8 |10 |3 |5 |8 |5 |3 |5 |4 |3 |4 |1 |4 |2 |3 |1 |1 |1 |1 |1 |0 |0 |0 |1 |1 |0 |1 |1 |0 |0 |0 |0 |0 |0 |0 |0 |0 |0 |0 |0 |0 |0 |0 |0 |0 |0 |0 |0 |0 |0 |0 |
0 |0 |0 |0 |0 |0 |0 |0 |0 |0 |0 |0 |0 |0 |0 |0 |0 |0 |0 |0 |0 |0 |0 |0 |1 |0 |0 |0 |1 |0 |0 |0 |1 |2 |3 |1 |2 |3 |5 |3 |3 |4 |7 |5 |7 |4 |10 |8 |2 |14 |9 |5 |6 |7 |5 |7 |6 |4 |3 |7 |3 |2 |5 |1 |3 |1 |0 |2 |1 |1 |1 |1 |0 |0 |1 |0 |0 |0 |0 |0 |0 |0 |0 |0 |0 |0 |0 |0 |0 |0 |0 |0 |0 |0 |0 |0 |0 |0 |0 |0 |
0 |0 |0 |0 |0 |0 |0 |0 |0 |0 |0 |0 |0 |0 |0 |0 |0 |0 |0 |1 |0 |0 |1 |0 |2 |1 |0 |0 |1 |1 |2 |5 |3 |4 |6 |5 |4 |2 |5 |3 |9 |7 |4 |11 |7 |6 |14 |5 |6 |15 |10 |10 |9 |6 |4 |8 |8 |3 |7 |7 |9 |3 |4 |2 |6 |1 |3 |2 |1 |0 |3 |1 |2 |0 |1 |0 |0 |0 |0 |0 |0 |0 |0 |0 |0 |0 |0 |0 |0 |0 |0 |0 |0 |0 |0 |0 |0 |0 |0 |0 |
0 |0 |0 |0 |0 |0 |0 |0 |0 |0 |0 |0 |0 |0 |0 |0 |0 |0 |0 |1 |0 |0 |0 |0 |0 |0 |0 |0 |3 |1 |0 |0 |2 |2 |2 |3 |4 |5 |4 |1 |5 |3 |4 |9 |7 |9 |7 |5 |12 |13 |4 |12 |8 |9 |8 |6 |11 |7 |8 |5 |4 |5 |4 |5 |1 |0 |3 |4 |2 |0 |1 |2 |1 |2 |0 |0 |0 |0 |1 |0 |0 |0 |0 |1 |0 |0 |0 |0 |0 |0 |0 |0 |0 |0 |0 |0 |0 |0 |0 |0 |
0 |0 |0 |0 |0 |0 |0 |0 |0 |0 |0 |0 |0 |0 |0 |0 |0 |0 |0 |0 |0 |0 |0 |0 |0 |0 |0 |1 |2 |0 |1 |2 |0 |6 |2 |2 |5 |4 |1 |7 |7 |6 |12 |6 |11 |5 |9 |9 |9 |9 |10 |8 |11 |11 |8 |8 |8 |8 |6 |4 |2 |5 |4 |3 |3 |2 |0 |1 |3 |1 |1 |3 |1 |1 |2 |1 |0 |0 |0 |0 |0 |0 |0 |1 |0 |0 |0 |0 |0 |0 |0 |0 |0 |0 |0 |0 |0 |0 |0 |0 |
0 |0 |0 |0 |0 |0 |0 |0 |0 |0 |0 |0 |0 |0 |0 |0 |0 |0 |0 |0 |0 |0 |0 |0 |0 |0 |2 |1 |2 |2 |2 |1 |2 |3 |3 |9 |6 |5 |5 |6 |5 |6 |8 |6 |17 |10 |8 |10 |10 |11 |10 |15 |11 |6 |10 |8 |7 |5 |8 |6 |5 |9 |1 |3 |2 |7 |3 |1 |0 |2 |0 |3 |1 |0 |0 |1 |0 |0 |0 |0 |0 |0 |0 |0 |0 |0 |0 |0 |0 |0 |0 |0 |0 |0 |0 |0 |0 |0 |0 |0 |
0 |0 |0 |0 |0 |0 |0 |0 |0 |0 |0 |0 |0 |0 |0 |0 |0 |0 |0 |0 |0 |0 |0 |0 |1 |0 |0 |1 |0 |5 |2 |2 |5 |5 |4 |4 |5 |6 |7 |3 |6 |8 |11 |12 |12 |11 |17 |9 |15 |6 |8 |6 |15 |14 |11 |11 |13 |6 |12 |4 |5 |6 |8 |3 |2 |0 |5 |5 |2 |1 |1 |1 |1 |0 |0 |0 |0 |0 |0 |0 |0 |0 |0 |0 |1 |0 |0 |0 |0 |0 |0 |0 |0 |0 |0 |0 |0 |0 |0 |0 |
0 |0 |0 |0 |0 |0 |0 |0 |0 |0 |0 |0 |0 |0 |0 |0 |0 |0 |0 |0 |0 |0 |0 |0 |0 |0 |2 |0 |2 |4 |2 |0 |3 |3 |5 |8 |3 |7 |10 |6 |6 |7 |5 |9 |12 |13 |9 |9 |11 |13 |15 |6 |19 |6 |7 |4 |11 |7 |7 |2 |3 |6 |9 |7 |4 |6 |3 |3 |3 |0 |1 |1 |2 |1 |0 |0 |0 |0 |1 |0 |0 |0 |0 |1 |0 |0 |0 |0 |0 |0 |1 |0 |0 |0 |0 |0 |0 |0 |0 |0 |
0 |0 |0 |0 |0 |0 |0 |0 |0 |0 |0 |0 |0 |0 |0 |0 |0 |0 |1 |0 |0 |0 |0 |0 |1 |1 |1 |1 |3 |3 |2 |2 |2 |4 |6 |7 |8 |10 |1 |11 |12 |9 |7 |13 |14 |18 |13 |14 |10 |19 |12 |20 |12 |11 |7 |13 |13 |15 |10 |16 |8 |3 |7 |7 |2 |6 |5 |2 |1 |3 |0 |1 |3 |0 |0 |1 |0 |1 |1 |0 |0 |0 |0 |0 |0 |0 |0 |0 |0 |0 |0 |0 |0 |0 |0 |0 |0 |0 |0 |0 |
0 |0 |0 |0 |0 |0 |0 |0 |0 |0 |0 |0 |0 |0 |0 |0 |0 |0 |0 |0 |0 |0 |1 |1 |0 |0 |1 |3 |2 |4 |1 |3 |7 |0 |7 |5 |6 |4 |4 |8 |7 |6 |7 |13 |11 |7 |14 |9 |23 |10 |17 |14 |13 |13 |6 |8 |7 |14 |11 |13 |10 |4 |9 |10 |7 |4 |2 |5 |0 |1 |1 |1 |1 |0 |2 |0 |1 |0 |0 |1 |1 |0 |0 |0 |0 |0 |0 |0 |0 |0 |0 |0 |0 |0 |0 |0 |0 |0 |0 |0 |
0 |0 |0 |0 |0 |0 |0 |0 |0 |0 |0 |0 |0 |0 |0 |0 |0 |0 |0 |0 |0 |2 |0 |1 |0 |2 |0 |1 |1 |3 |2 |2 |5 |5 |6 |3 |5 |9 |9 |8 |15 |12 |14 |15 |11 |18 |16 |10 |5 |23 |17 |9 |12 |16 |19 |12 |10 |14 |15 |6 |8 |9 |9 |5 |9 |4 |3 |3 |0 |1 |0 |1 |1 |1 |2 |0 |1 |0 |0 |0 |0 |0 |0 |0 |0 |0 |0 |0 |0 |0 |0 |0 |0 |0 |0 |0 |0 |0 |0 |0 |
0 |0 |0 |0 |0 |0 |0 |0 |0 |0 |0 |0 |0 |0 |0 |0 |0 |0 |0 |0 |0 |0 |0 |0 |0 |0 |1 |2 |1 |2 |6 |1 |6 |2 |10 |4 |6 |7 |6 |8 |11 |11 |8 |17 |13 |21 |12 |17 |21 |14 |15 |21 |11 |12 |21 |14 |7 |16 |9 |10 |11 |5 |9 |5 |5 |5 |2 |2 |6 |5 |1 |2 |1 |0 |2 |0 |0 |1 |0 |0 |0 |1 |0 |0 |0 |0 |0 |0 |0 |0 |0 |0 |0 |0 |0 |0 |0 |0 |0 |0 |
0 |0 |0 |0 |0 |0 |0 |0 |0 |0 |0 |0 |0 |0 |0 |0 |0 |0 |1 |1 |0 |0 |0 |0 |0 |0 |0 |0 |3 |3 |2 |3 |8 |3 |4 |4 |9 |6 |8 |16 |11 |13 |3 |17 |15 |10 |15 |19 |12 |16 |10 |11 |13 |15 |17 |6 |16 |17 |13 |14 |8 |8 |8 |6 |4 |3 |5 |4 |3 |7 |1 |3 |0 |0 |0 |1 |0 |0 |0 |1 |0 |0 |0 |0 |0 |0 |1 |0 |0 |0 |0 |0 |0 |0 |0 |0 |0 |0 |0 |0 |
0 |0 |0 |0 |0 |0 |0 |0 |0 |0 |0 |0 |0 |0 |0 |0 |0 |0 |0 |0 |1 |0 |0 |1 |0 |0 |1 |0 |0 |7 |8 |5 |2 |3 |5 |7 |9 |6 |11 |10 |11 |14 |11 |9 |13 |11 |17 |9 |14 |14 |14 |14 |15 |14 |11 |10 |10 |17 |10 |15 |4 |15 |8 |4 |3 |3 |2 |1 |2 |4 |3 |0 |2 |0 |1 |2 |0 |0 |1 |0 |0 |0 |0 |0 |0 |0 |0 |0 |0 |0 |0 |0 |0 |0 |0 |0 |0 |0 |0 |0 |
0 |0 |0 |0 |0 |0 |0 |0 |0 |0 |0 |0 |0 |0 |0 |0 |0 |0 |0 |0 |0 |1 |0 |1 |0 |0 |1 |1 |0 |3 |3 |2 |4 |1 |3 |2 |3 |11 |10 |7 |8 |10 |14 |11 |14 |17 |23 |12 |26 |14 |9 |24 |15 |15 |18 |10 |14 |6 |8 |10 |13 |11 |7 |6 |11 |6 |1 |6 |2 |2 |2 |4 |0 |2 |0 |1 |0 |0 |0 |0 |0 |0 |0 |0 |0 |0 |0 |0 |0 |0 |0 |0 |0 |0 |0 |0 |0 |0 |0 |0 |
0 |0 |0 |0 |0 |0 |0 |0 |0 |0 |0 |0 |0 |0 |0 |0 |0 |0 |0 |0 |0 |0 |1 |1 |2 |0 |2 |1 |1 |0 |3 |3 |0 |8 |2 |6 |8 |7 |9 |8 |8 |15 |10 |7 |10 |10 |13 |18 |10 |15 |14 |19 |8 |19 |21 |15 |14 |11 |9 |7 |11 |8 |8 |7 |3 |5 |2 |7 |4 |1 |3 |2 |0 |1 |0 |0 |0 |1 |1 |0 |0 |0 |0 |0 |0 |0 |0 |0 |0 |0 |1 |0 |0 |0 |0 |0 |0 |0 |0 |0 |
0 |0 |0 |0 |0 |0 |0 |0 |0 |0 |0 |0 |0 |0 |0 |0 |0 |0 |0 |0 |0 |0 |1 |2 |0 |5 |1 |3 |2 |3 |3 |3 |3 |3 |4 |6 |7 |7 |12 |8 |11 |9 |9 |15 |12 |10 |12 |15 |16 |11 |16 |8 |22 |19 |19 |13 |15 |12 |14 |11 |11 |11 |5 |8 |5 |3 |8 |4 |3 |2 |1 |1 |2 |1 |1 |1 |0 |1 |1 |1 |0 |0 |0 |0 |0 |0 |0 |0 |0 |0 |0 |0 |0 |0 |0 |0 |0 |0 |0 |0 |
0 |0 |0 |0 |0 |0 |0 |0 |0 |0 |0 |0 |0 |0 |0 |0 |0 |0 |0 |0 |0 |0 |2 |1 |0 |2 |4 |1 |1 |3 |1 |1 |7 |4 |4 |6 |5 |6 |9 |9 |9 |15 |12 |14 |12 |10 |8 |18 |9 |19 |19 |16 |12 |12 |8 |6 |10 |20 |11 |13 |18 |7 |5 |9 |9 |6 |1 |3 |6 |1 |0 |1 |0 |1 |0 |0 |0 |1 |3 |0 |0 |0 |0 |0 |0 |0 |0 |0 |0 |0 |0 |0 |0 |0 |0 |0 |0 |0 |0 |0 |
0 |0 |0 |0 |0 |0 |0 |0 |0 |0 |0 |0 |0 |0 |0 |0 |0 |0 |0 |0 |1 |0 |0 |1 |0 |2 |1 |1 |1 |2 |3 |3 |2 |4 |2 |10 |5 |6 |9 |12 |11 |11 |14 |12 |15 |17 |14 |8 |16 |14 |17 |12 |14 |15 |14 |15 |10 |9 |10 |12 |11 |9 |7 |7 |5 |2 |2 |1 |4 |0 |2 |0 |2 |0 |0 |0 |0 |1 |0 |0 |0 |1 |0 |0 |0 |0 |0 |0 |0 |0 |0 |0 |0 |0 |0 |0 |0 |0 |0 |0 |
0 |0 |0 |0 |0 |0 |0 |0 |0 |0 |0 |0 |0 |0 |0 |0 |0 |0 |0 |2 |0 |0 |0 |3 |1 |0 |1 |1 |2 |2 |2 |2 |1 |3 |4 |2 |5 |8 |6 |6 |12 |7 |17 |8 |9 |5 |13 |12 |15 |12 |11 |12 |15 |16 |7 |13 |7 |10 |11 |11 |2 |5 |5 |9 |3 |3 |3 |2 |1 |2 |1 |2 |2 |3 |0 |0 |0 |0 |0 |0 |0 |0 |0 |0 |0 |0 |0 |0 |0 |0 |0 |0 |0 |0 |0 |0 |0 |0 |0 |0 |
0 |0 |0 |0 |0 |0 |0 |0 |0 |0 |0 |0 |0 |0 |0 |0 |0 |0 |0 |0 |0 |0 |0 |0 |0 |0 |2 |1 |1 |1 |5 |2 |2 |2 |2 |6 |8 |8 |6 |3 |5 |12 |10 |12 |7 |17 |15 |14 |11 |11 |13 |14 |17 |18 |7 |10 |8 |11 |10 |10 |7 |6 |4 |2 |9 |2 |1 |4 |1 |1 |3 |0 |0 |0 |1 |0 |1 |2 |0 |0 |0 |0 |1 |0 |0 |0 |0 |0 |0 |0 |0 |0 |0 |0 |0 |0 |0 |0 |0 |0 |
0 |0 |0 |0 |0 |0 |0 |0 |0 |0 |0 |0 |0 |0 |0 |0 |0 |0 |0 |0 |0 |0 |0 |0 |1 |0 |0 |0 |2 |1 |2 |3 |2 |3 |5 |6 |5 |7 |9 |8 |9 |10 |11 |7 |11 |18 |12 |11 |10 |14 |14 |12 |19 |16 |10 |20 |5 |11 |7 |8 |10 |7 |7 |5 |7 |3 |3 |1 |3 |0 |2 |0 |2 |1 |0 |0 |1 |0 |0 |0 |1 |0 |0 |0 |0 |0 |0 |0 |0 |0 |0 |0 |0 |0 |0 |0 |0 |0 |0 |0 |
0 |0 |0 |0 |0 |0 |0 |0 |0 |0 |0 |0 |0 |0 |0 |0 |0 |0 |0 |0 |0 |0 |0 |1 |1 |0 |2 |1 |0 |1 |1 |2 |1 |5 |2 |1 |4 |9 |3 |11 |7 |8 |8 |5 |12 |12 |8 |9 |9 |10 |18 |3 |16 |11 |6 |10 |10 |8 |6 |2 |10 |6 |8 |3 |5 |4 |3 |3 |2 |3 |0 |4 |2 |0 |0 |0 |0 |0 |0 |0 |0 |0 |0 |0 |0 |0 |0 |1 |0 |0 |0 |0 |0 |0 |0 |0 |0 |0 |0 |0 |
0 |0 |0 |0 |0 |0 |0 |0 |0 |0 |0 |0 |0 |0 |0 |0 |0 |0 |0 |0 |0 |0 |0 |0 |1 |1 |2 |1 |1 |3 |0 |3 |1 |4 |2 |3 |7 |3 |1 |6 |6 |6 |4 |9 |11 |9 |7 |16 |13 |6 |5 |11 |11 |10 |17 |7 |4 |3 |9 |9 |9 |2 |4 |1 |3 |5 |5 |2 |1 |0 |2 |3 |0 |1 |1 |0 |0 |0 |0 |1 |0 |0 |0 |1 |0 |1 |0 |0 |0 |0 |0 |0 |0 |0 |0 |0 |0 |0 |0 |0 |
0 |0 |0 |0 |0 |0 |0 |0 |0 |0 |0 |0 |0 |0 |0 |0 |0 |0 |0 |0 |0 |0 |2 |2 |0 |0 |1 |0 |1 |1 |1 |2 |3 |1 |2 |6 |3 |6 |2 |7 |6 |5 |8 |4 |8 |4 |6 |13 |9 |9 |13 |7 |10 |10 |8 |9 |8 |4 |5 |6 |3 |0 |6 |6 |2 |1 |4 |3 |3 |0 |1 |0 |0 |3 |0 |0 |1 |0 |0 |0 |1 |1 |0 |0 |0 |0 |0 |0 |0 |0 |0 |0 |0 |0 |0 |0 |0 |0 |0 |0 |
0 |0 |0 |0 |0 |0 |0 |0 |0 |0 |0 |0 |0 |0 |0 |0 |0 |1 |0 |0 |0 |0 |0 |0 |1 |0 |0 |1 |0 |1 |0 |0 |4 |3 |1 |5 |5 |2 |4 |4 |5 |8 |3 |12 |8 |4 |7 |6 |6 |7 |8 |9 |8 |13 |9 |10 |13 |6 |4 |4 |3 |4 |1 |3 |2 |3 |3 |1 |1 |1 |0 |1 |0 |0 |1 |0 |0 |0 |0 |0 |0 |1 |0 |0 |0 |0 |0 |0 |0 |0 |0 |0 |0 |0 |0 |0 |0 |0 |0 |0 |
0 |0 |0 |0 |0 |0 |0 |0 |0 |0 |0 |0 |0 |0 |0 |0 |0 |0 |0 |0 |0 |0 |0 |0 |0 |0 |0 |1 |2 |1 |0 |4 |3 |3 |3 |6 |3 |1 |6 |2 |4 |4 |4 |6 |6 |10 |2 |9 |7 |10 |6 |11 |10 |9 |5 |9 |4 |8 |1 |5 |5 |2 |5 |1 |5 |5 |1 |1 |0 |1 |1 |0 |0 |0 |0 |0 |0 |0 |0 |0 |0 |0 |0 |0 |0 |0 |0 |0 |0 |0 |0 |0 |0 |0 |0 |0 |0 |0 |0 |0 |
0 |0 |0 |0 |0 |0 |0 |0 |0 |0 |0 |0 |0 |0 |0 |0 |0 |0 |0 |0 |0 |0 |0 |0 |0 |0 |0 |0 |1 |1 |1 |2 |3 |0 |2 |2 |5 |3 |6 |3 |6 |3 |5 |5 |4 |4 |2 |5 |9 |5 |6 |5 |5 |3 |6 |8 |6 |5 |5 |5 |3 |3 |2 |3 |1 |2 |2 |3 |0 |0 |1 |0 |2 |0 |0 |1 |0 |0 |0 |0 |0 |1 |0 |0 |0 |0 |0 |0 |0 |0 |0 |0 |0 |0 |0 |0 |0 |0 |0 |0 |
0 |0 |0 |0 |0 |0 |0 |0 |0 |0 |0 |0 |0 |0 |0 |0 |0 |0 |0 |0 |0 |0 |0 |1 |1 |0 |1 |0 |2 |0 |0 |0 |1 |2 |1 |2 |0 |1 |1 |3 |2 |6 |4 |1 |4 |6 |5 |3 |5 |7 |5 |5 |4 |10 |7 |3 |3 |3 |5 |4 |3 |2 |1 |0 |2 |2 |0 |3 |3 |0 |0 |2 |0 |0 |0 |0 |1 |1 |0 |0 |0 |0 |0 |0 |0 |0 |0 |0 |0 |0 |0 |0 |0 |0 |0 |0 |0 |0 |0 |0 |
0 |0 |0 |0 |0 |0 |0 |0 |0 |0 |0 |0 |0 |0 |0 |0 |0 |0 |0 |0 |0 |1 |0 |0 |1 |0 |0 |0 |1 |1 |0 |1 |0 |2 |3 |1 |1 |0 |4 |4 |3 |0 |2 |6 |3 |2 |4 |3 |5 |5 |7 |5 |3 |6 |3 |3 |9 |2 |3 |5 |2 |5 |3 |1 |2 |1 |3 |1 |0 |2 |0 |0 |0 |0 |0 |0 |1 |1 |0 |0 |0 |0 |0 |0 |0 |0 |0 |0 |0 |0 |0 |0 |0 |0 |0 |0 |0 |0 |0 |0 |
0 |0 |0 |0 |0 |0 |0 |0 |0 |0 |0 |0 |0 |0 |0 |0 |0 |0 |0 |0 |0 |0 |0 |1 |0 |0 |0 |0 |0 |0 |0 |1 |3 |2 |2 |3 |0 |1 |1 |1 |0 |2 |1 |3 |2 |5 |8 |5 |6 |2 |3 |3 |5 |10 |4 |3 |1 |3 |3 |4 |4 |0 |1 |2 |1 |4 |1 |2 |0 |0 |0 |0 |0 |0 |0 |0 |2 |0 |0 |0 |0 |0 |0 |0 |0 |0 |0 |0 |0 |0 |0 |0 |0 |0 |0 |0 |0 |0 |0 |0 |
0 |0 |0 |0 |0 |0 |0 |0 |0 |0 |0 |0 |0 |0 |0 |0 |0 |0 |0 |0 |0 |1 |0 |0 |0 |0 |0 |0 |0 |2 |0 |2 |1 |0 |0 |1 |1 |5 |2 |4 |3 |1 |2 |3 |2 |0 |2 |3 |2 |2 |2 |6 |0 |4 |0 |5 |2 |4 |2 |3 |2 |5 |2 |1 |2 |2 |0 |0 |0 |0 |0 |1 |0 |0 |0 |0 |0 |0 |1 |1 |0 |0 |0 |0 |0 |0 |0 |0 |0 |0 |0 |0 |0 |0 |0 |0 |0 |0 |0 |0 |
0 |0 |0 |0 |0 |0 |0 |0 |0 |0 |0 |0 |0 |0 |0 |0 |0 |0 |0 |0 |0 |0 |0 |1 |0 |1 |0 |1 |0 |0 |0 |0 |2 |0 |0 |1 |1 |2 |0 |1 |0 |2 |3 |4 |1 |2 |1 |3 |2 |3 |2 |6 |5 |2 |4 |2 |3 |2 |3 |2 |1 |0 |2 |5 |0 |1 |1 |0 |2 |0 |1 |0 |0 |0 |0 |0 |0 |0 |0 |0 |0 |0 |0 |0 |0 |0 |0 |0 |0 |0 |0 |0 |0 |0 |0 |0 |0 |0 |0 |0 |
0 |0 |0 |0 |0 |0 |0 |0 |0 |0 |0 |0 |0 |0 |0 |0 |0 |0 |0 |0 |0 |0 |1 |0 |1 |0 |0 |0 |0 |0 |0 |1 |0 |0 |2 |1 |3 |1 |1 |0 |2 |2 |4 |1 |1 |4 |2 |3 |1 |3 |1 |4 |4 |6 |4 |1 |1 |1 |0 |1 |2 |3 |1 |3 |0 |1 |1 |0 |0 |0 |0 |1 |0 |1 |0 |0 |0 |0 |0 |0 |0 |0 |0 |0 |0 |0 |0 |0 |0 |0 |0 |0 |0 |0 |0 |0 |0 |0 |0 |0 |
0 |0 |0 |0 |0 |0 |0 |0 |0 |0 |0 |0 |0 |0 |0 |0 |0 |0 |0 |1 |0 |0 |0 |0 |0 |1 |0 |0 |0 |0 |0 |0 |0 |2 |0 |0 |0 |0 |0 |0 |1 |0 |1 |0 |3 |2 |2 |1 |0 |0 |1 |3 |1 |4 |4 |1 |2 |1 |1 |3 |1 |1 |3 |1 |2 |0 |0 |1 |1 |0 |0 |0 |0 |2 |1 |0 |0 |0 |0 |0 |0 |0 |0 |0 |0 |0 |0 |0 |0 |0 |0 |0 |0 |0 |0 |0 |0 |0 |0 |0 |
0 |0 |0 |0 |0 |0 |0 |0 |0 |0 |0 |0 |0 |0 |0 |0 |0 |0 |0 |0 |0 |0 |0 |0 |0 |1 |0 |0 |0 |0 |1 |0 |0 |0 |0 |0 |0 |2 |0 |2 |0 |1 |3 |1 |2 |3 |1 |2 |2 |2 |2 |4 |3 |2 |1 |0 |3 |3 |0 |0 |0 |0 |0 |3 |0 |1 |1 |0 |0 |0 |0 |0 |1 |0 |0 |0 |0 |0 |0 |0 |0 |0 |0 |0 |0 |0 |0 |0 |0 |0 |0 |0 |0 |0 |0 |0 |0 |0 |0 |0 |
0 |0 |0 |0 |0 |0 |0 |0 |0 |0 |0 |0 |0 |0 |0 |0 |0 |0 |0 |0 |0 |0 |1 |0 |0 |0 |0 |0 |0 |0 |0 |0 |1 |0 |2 |3 |0 |2 |0 |0 |1 |0 |2 |2 |0 |3 |1 |0 |0 |0 |0 |1 |1 |2 |0 |2 |0 |0 |1 |1 |3 |2 |1 |0 |0 |0 |0 |0 |0 |0 |0 |0 |0 |0 |0 |0 |0 |0 |0 |0 |0 |0 |0 |0 |0 |0 |0 |0 |0 |0 |0 |0 |0 |0 |0 |0 |0 |0 |0 |0 |
0 |0 |0 |0 |0 |0 |0 |0 |0 |0 |0 |0 |0 |0 |0 |0 |0 |0 |0 |0 |0 |0 |0 |1 |0 |0 |0 |0 |1 |0 |0 |0 |0 |0 |1 |0 |1 |0 |0 |0 |2 |0 |1 |1 |3 |0 |0 |1 |1 |2 |1 |1 |0 |0 |2 |3 |1 |0 |2 |0 |2 |0 |0 |0 |0 |0 |0 |0 |0 |0 |0 |0 |0 |0 |0 |0 |0 |0 |0 |0 |0 |0 |0 |0 |0 |0 |0 |0 |0 |0 |0 |0 |0 |0 |0 |0 |0 |0 |0 |0 |
0 |0 |0 |0 |0 |0 |0 |0 |0 |0 |0 |0 |0 |0 |0 |0 |0 |0 |0 |0 |0 |0 |0 |0 |0 |0 |0 |0 |0 |0 |0 |0 |0 |0 |1 |0 |0 |0 |1 |1 |1 |1 |0 |0 |1 |0 |0 |0 |1 |0 |0 |2 |0 |1 |2 |0 |1 |1 |1 |1 |0 |0 |0 |0 |2 |0 |0 |0 |0 |0 |0 |0 |0 |0 |0 |0 |0 |0 |0 |0 |0 |0 |0 |0 |0 |0 |0 |0 |0 |0 |0 |0 |0 |0 |0 |0 |0 |0 |0 |0 |
0 |0 |0 |0 |0 |0 |0 |0 |0 |0 |0 |0 |0 |0 |0 |0 |0 |0 |0 |0 |0 |0 |0 |0 |0 |0 |0 |0 |0 |0 |0 |0 |0 |0 |0 |0 |0 |0 |0 |0 |1 |1 |0 |0 |4 |0 |1 |1 |1 |0 |0 |0 |0 |1 |1 |2 |2 |0 |0 |0 |0 |0 |2 |0 |0 |0 |0 |0 |0 |0 |1 |0 |0 |0 |0 |0 |0 |0 |0 |0 |0 |0 |0 |0 |0 |0 |0 |0 |0 |0 |0 |0 |0 |0 |0 |0 |0 |0 |0 |0 |
0 |0 |0 |0 |0 |0 |0 |0 |0 |0 |0 |0 |0 |0 |0 |0 |0 |0 |0 |0 |0 |0 |0 |0 |0 |0 |0 |0 |0 |0 |0 |0 |0 |0 |0 |0 |0 |1 |0 |1 |0 |0 |2 |0 |0 |0 |3 |0 |1 |2 |0 |0 |1 |1 |0 |1 |1 |0 |0 |2 |0 |1 |0 |1 |0 |0 |1 |0 |0 |0 |0 |1 |0 |0 |0 |0 |0 |0 |0 |0 |0 |0 |0 |0 |0 |0 |0 |0 |0 |0 |0 |0 |0 |0 |0 |0 |0 |0 |0 |0 |
0 |0 |0 |0 |0 |0 |0 |0 |0 |0 |0 |0 |0 |0 |0 |0 |0 |0 |0 |0 |0 |0 |0 |0 |0 |0 |0 |0 |0 |0 |0 |0 |0 |0 |0 |0 |0 |0 |0 |0 |1 |0 |0 |0 |0 |0 |0 |2 |0 |0 |0 |0 |0 |0 |1 |1 |0 |0 |0 |0 |1 |0 |1 |0 |0 |0 |0 |0 |0 |0 |0 |0 |0 |0 |0 |0 |0 |0 |0 |0 |0 |0 |0 |0 |0 |0 |0 |0 |0 |0 |0 |0 |0 |0 |0 |0 |0 |0 |0 |0 |
0 |0 |0 |0 |0 |0 |0 |0 |0 |0 |0 |0 |0 |0 |0 |0 |0 |0 |0 |0 |0 |0 |0 |0 |0 |0 |0 |0 |0 |0 |0 |0 |1 |0 |0 |0 |0 |1 |1 |0 |0 |0 |1 |0 |0 |0 |0 |0 |0 |0 |0 |0 |1 |0 |0 |0 |0 |0 |0 |1 |1 |0 |0 |0 |0 |0 |0 |0 |0 |0 |0 |0 |0 |0 |0 |0 |0 |0 |0 |0 |0 |0 |0 |0 |0 |0 |0 |0 |0 |0 |0 |0 |0 |0 |0 |0 |0 |0 |0 |0 |
0 |0 |0 |0 |0 |0 |0 |0 |0 |0 |0 |0 |0 |0 |0 |0 |0 |0 |0 |0 |0 |0 |0 |0 |0 |0 |0 |0 |0 |0 |0 |0 |0 |0 |0 |0 |0 |0 |0 |0 |0 |0 |0 |0 |0 |0 |0 |0 |0 |0 |2 |0 |0 |0 |1 |0 |0 |0 |0 |1 |0 |1 |0 |0 |0 |1 |0 |0 |0 |0 |0 |0 |0 |0 |0 |0 |0 |0 |0 |0 |0 |0 |0 |0 |0 |0 |0 |0 |0 |0 |0 |0 |0 |0 |0 |0 |0 |0 |0 |0 |
0 |0 |0 |0 |0 |0 |0 |0 |0 |0 |0 |0 |0 |0 |0 |0 |0 |0 |0 |0 |0 |0 |0 |0 |0 |0 |0 |0 |0 |0 |0 |0 |0 |0 |0 |0 |0 |0 |0 |0 |0 |0 |0 |0 |0 |0 |0 |0 |0 |0 |1 |0 |0 |0 |0 |0 |0 |0 |1 |0 |0 |0 |0 |0 |0 |0 |0 |1 |0 |0 |0 |0 |0 |0 |0 |0 |0 |0 |0 |0 |0 |0 |0 |0 |0 |0 |0 |0 |0 |0 |0 |0 |0 |0 |0 |0 |0 |0 |0 |0 |
0 |0 |0 |0 |0 |0 |0 |0 |0 |0 |0 |0 |0 |0 |0 |0 |0 |0 |0 |0 |0 |0 |0 |0 |0 |0 |0 |0 |0 |0 |1 |1 |0 |0 |0 |0 |0 |0 |0 |0 |0 |0 |0 |0 |0 |0 |0 |1 |0 |0 |0 |0 |0 |0 |0 |0 |0 |0 |0 |0 |0 |0 |0 |0 |0 |0 |0 |0 |0 |0 |0 |0 |0 |0 |0 |0 |0 |0 |0 |0 |0 |0 |0 |0 |0 |0 |0 |0 |0 |0 |0 |0 |0 |0 |0 |0 |0 |0 |0 |0 |
0 |0 |0 |0 |0 |0 |0 |0 |0 |0 |0 |0 |0 |0 |0 |0 |0 |0 |0 |0 |0 |0 |0 |0 |0 |0 |0 |0 |0 |0 |0 |0 |0 |0 |0 |0 |0 |0 |0 |0 |0 |0 |0 |1 |0 |0 |0 |0 |0 |0 |0 |0 |0 |0 |0 |0 |0 |0 |0 |0 |0 |0 |0 |0 |0 |0 |0 |0 |0 |0 |0 |0 |0 |0 |0 |0 |0 |0 |0 |0 |0 |0 |0 |0 |0 |0 |0 |0 |0 |0 |0 |0 |0 |0 |0 |0 |0 |0 |0 |0 |
0 |0 |0 |0 |0 |0 |0 |0 |0 |0 |0 |0 |0 |0 |0 |0 |0 |0 |0 |0 |0 |0 |0 |0 |0 |0 |0 |0 |0 |0 |0 |0 |0 |0 |0 |0 |0 |0 |0 |0 |0 |0 |1 |0 |0 |0 |0 |0 |1 |0 |0 |0 |0 |0 |0 |0 |0 |0 |0 |0 |0 |0 |0 |0 |0 |0 |0 |0 |0 |0 |0 |0 |0 |0 |0 |0 |0 |0 |0 |0 |0 |0 |0 |0 |0 |0 |0 |0 |0 |0 |0 |0 |0 |0 |0 |0 |0 |0 |0 |0 |
0 |0 |0 |0 |0 |0 |0 |0 |0 |0 |0 |0 |0 |0 |0 |0 |0 |0 |0 |0 |0 |0 |0 |0 |0 |0 |0 |0 |0 |0 |0 |0 |0 |0 |0 |0 |0 |0 |0 |0 |0 |0 |0 |0 |0 |0 |0 |0 |0 |0 |0 |0 |0 |0 |0 |0 |0 |0 |0 |0 |0 |0 |0 |0 |0 |0 |0 |0 |0 |0 |0 |0 |0 |0 |0 |0 |0 |0 |0 |0 |0 |0 |0 |0 |0 |0 |0 |0 |0 |0 |0 |0 |0 |0 |0 |0 |0 |0 |0 |0 |
0 |0 |0 |0 |0 |0 |0 |0 |0 |0 |0 |0 |0 |0 |0 |0 |0 |0 |0 |0 |0 |0 |0 |0 |0 |0 |0 |0 |0 |0 |0 |0 |0 |0 |0 |0 |0 |0 |0 |0 |0 |0 |0 |0 |0 |0 |0 |0 |0 |0 |0 |0 |0 |0 |0 |0 |0 |0 |0 |0 |0 |0 |0 |0 |0 |0 |0 |0 |0 |0 |0 |0 |0 |0 |0 |0 |0 |0 |0 |0 |0 |0 |0 |0 |0 |0 |0 |0 |0 |0 |0 |0 |0 |0 |0 |0 |0 |0 |0 |0 |
0 |0 |0 |0 |0 |0 |0 |0 |0 |0 |0 |0 |0 |0 |0 |0 |0 |0 |0 |0 |0 |0 |0 |0 |0 |0 |0 |0 |0 |0 |0 |0 |0 |0 |0 |0 |0 |0 |0 |0 |0 |0 |0 |0 |0 |0 |0 |0 |0 |0 |0 |0 |0 |0 |0 |0 |0 |0 |0 |0 |0 |0 |0 |0 |0 |0 |0 |0 |0 |0 |0 |0 |0 |0 |0 |0 |0 |0 |0 |0 |0 |0 |0 |0 |0 |0 |0 |0 |0 |0 |0 |0 |0 |0 |0 |0 |0 |0 |0 |0 |
0 |0 |0 |0 |0 |0 |0 |0 |0 |0 |0 |0 |0 |0 |0 |0 |0 |0 |0 |0 |0 |0 |0 |0 |0 |0 |0 |0 |0 |0 |0 |0 |0 |0 |0 |0 |0 |0 |0 |0 |0 |0 |0 |0 |0 |0 |0 |0 |0 |0 |0 |0 |0 |0 |0 |0 |0 |0 |0 |0 |0 |0 |0 |0 |0 |0 |0 |0 |0 |0 |0 |0 |0 |0 |0 |0 |0 |0 |0 |0 |0 |0 |0 |0 |0 |0 |0 |0 |0 |0 |0 |0 |0 |0 |0 |0 |0 |0 |0 |0 |
0 |0 |0 |0 |0 |0 |0 |0 |0 |0 |0 |0 |0 |0 |0 |0 |0 |0 |0 |0 |0 |0 |0 |0 |0 |0 |0 |0 |0 |0 |0 |0 |0 |0 |0 |0 |0 |0 |0 |0 |0 |0 |0 |0 |0 |0 |0 |0 |0 |0 |0 |0 |0 |0 |0 |0 |0 |0 |0 |0 |0 |0 |0 |0 |0 |0 |0 |0 |0 |0 |0 |0 |0 |0 |0 |0 |0 |0 |0 |0 |0 |0 |0 |0 |0 |0 |0 |0 |0 |0 |0 |0 |0 |0 |0 |0 |0 |0 |0 |0 |
0 |0 |0 |0 |0 |0 |0 |0 |0 |0 |0 |0 |0 |0 |0 |0 |0 |0 |0 |0 |0 |0 |0 |0 |0 |0 |0 |0 |0 |0 |0 |0 |0 |0 |0 |0 |0 |0 |0 |0 |0 |0 |0 |0 |0 |0 |0 |0 |0 |0 |1 |0 |0 |0 |0 |0 |0 |0 |0 |0 |0 |0 |0 |0 |0 |0 |0 |0 |0 |0 |0 |0 |0 |0 |0 |0 |0 |0 |0 |0 |0 |0 |0 |0 |0 |0 |0 |0 |0 |0 |0 |0 |0 |0 |0 |0 |0 |0 |0 |0 |
0 |0 |0 |0 |0 |0 |0 |0 |0 |0 |0 |0 |0 |0 |0 |0 |0 |0 |0 |0 |0 |0 |0 |0 |0 |0 |0 |0 |0 |0 |0 |0 |0 |0 |0 |0 |0 |0 |0 |0 |0 |0 |0 |0 |0 |0 |0 |0 |0 |0 |0 |0 |0 |0 |0 |0 |0 |0 |0 |0 |0 |0 |0 |0 |0 |0 |0 |0 |0 |0 |0 |0 |0 |0 |0 |0 |0 |0 |0 |0 |0 |0 |0 |0 |0 |0 |0 |0 |0 |0 |0 |0 |0 |0 |0 |0 |0 |0 |0 |0 |
0 |0 |0 |0 |0 |0 |0 |0 |0 |0 |0 |0 |0 |0 |0 |0 |0 |0 |0 |0 |0 |0 |0 |0 |0 |0 |0 |0 |0 |0 |0 |0 |0 |0 |0 |0 |0 |0 |0 |0 |0 |0 |0 |0 |0 |0 |0 |0 |0 |0 |0 |0 |0 |0 |0 |0 |0 |0 |0 |0 |0 |0 |0 |0 |0 |0 |0 |0 |0 |0 |0 |0 |0 |0 |0 |0 |0 |0 |0 |0 |0 |0 |0 |0 |0 |0 |0 |0 |0 |0 |0 |0 |0 |0 |0 |0 |0 |0 |0 |0 |
0 |0 |0 |0 |0 |0 |0 |0 |0 |0 |0 |0 |0 |0 |0 |0 |0 |0 |0 |0 |0 |0 |0 |0 |0 |0 |0 |0 |0 |0 |0 |0 |0 |0 |0 |0 |0 |0 |0 |0 |0 |0 |0 |0 |0 |0 |0 |0 |0 |0 |0 |0 |0 |0 |0 |0 |0 |0 |0 |0 |0 |0 |0 |0 |0 |0 |0 |0 |0 |0 |0 |0 |0 |0 |0 |0 |0 |0 |0 |0 |0 |0 |0 |0 |0 |0 |0 |0 |0 |0 |0 |0 |0 |0 |0 |0 |0 |0 |0 |0 |
0 |0 |0 |0 |0 |0 |0 |0 |0 |0 |0 |0 |0 |0 |0 |0 |0 |0 |0 |0 |0 |0 |0 |0 |0 |0 |0 |0 |0 |0 |0 |0 |0 |0 |0 |0 |0 |0 |0 |0 |0 |0 |0 |0 |0 |0 |0 |0 |0 |0 |0 |0 |0 |0 |0 |0 |0 |0 |0 |0 |0 |0 |0 |0 |0 |0 |0 |0 |0 |0 |0 |0 |0 |0 |0 |0 |0 |0 |0 |0 |0 |0 |0 |0 |0 |0 |0 |0 |0 |0 |0 |0 |0 |0 |0 |0 |0 |0 |0 |0 |
0 |0 |0 |0 |0 |0 |0 |0 |0 |0 |0 |0 |0 |0 |0 |0 |0 |0 |0 |0 |0 |0 |0 |0 |0 |0 |0 |0 |0 |0 |0 |0 |0 |0 |0 |0 |0 |0 |0 |0 |0 |0 |0 |0 |0 |0 |0 |0 |0 |0 |0 |0 |0 |0 |0 |0 |0 |0 |0 |0 |0 |0 |0 |0 |0 |0 |0 |0 |0 |0 |0 |0 |0 |0 |0 |0 |0 |0 |0 |0 |0 |0 |0 |0 |0 |0 |0 |0 |0 |0 |0 |0 |0 |0 |0 |0 |0 |0 |0 |0 |
0 |0 |0 |0 |0 |0 |0 |0 |0 |0 |0 |0 |0 |0 |0 |0 |0 |0 |0 |0 |0 |0 |0 |0 |0 |0 |0 |0 |0 |0 |0 |0 |0 |0 |0 |0 |0 |0 |0 |0 |0 |0 |0 |0 |0 |0 |0 |0 |0 |0 |0 |0 |0 |0 |0 |0 |0 |0 |0 |0 |0 |0 |0 |0 |0 |0 |0 |0 |0 |0 |0 |0 |0 |0 |0 |0 |0 |0 |0 |0 |0 |0 |0 |0 |0 |0 |0 |0 |0 |0 |0 |0 |0 |0 |0 |0 |0 |0 |0 |0 |
0 |0 |0 |0 |0 |0 |0 |0 |0 |0 |0 |0 |0 |0 |0 |0 |0 |0 |0 |0 |0 |0 |0 |0 |0 |0 |0 |0 |0 |0 |0 |0 |0 |0 |0 |0 |0 |0 |0 |0 |0 |0 |0 |0 |0 |0 |0 |0 |0 |0 |0 |0 |0 |0 |0 |0 |0 |0 |0 |0 |0 |0 |0 |0 |0 |0 |0 |0 |0 |0 |0 |0 |0 |0 |0 |0 |0 |0 |0 |0 |0 |0 |0 |0 |0 |0 |0 |0 |0 |0 |0 |0 |0 |0 |0 |0 |0 |0 |0 |0 |
0 |0 |0 |0 |0 |0 |0 |0 |0 |0 |0 |0 |0 |0 |0 |0 |0 |0 |0 |0 |0 |0 |0 |0 |0 |0 |0 |0 |0 |0 |0 |0 |0 |0 |0 |0 |0 |0 |0 |0 |0 |0 |0 |0 |0 |0 |0 |0 |0 |0 |0 |0 |0 |0 |0 |0 |0 |0 |0 |0 |0 |0 |0 |0 |0 |0 |0 |0 |0 |0 |0 |0 |0 |0 |0 |0 |0 |0 |0 |0 |0 |0 |0 |0 |0 |0 |0 |0 |0 |0 |0 |0 |0 |0 |0 |0 |0 |0 |0 |0 |
0 |0 |0 |0 |0 |0 |0 |0 |0 |0 |0 |0 |0 |0 |0 |0 |0 |0 |0 |0 |0 |0 |0 |0 |0 |0 |0 |0 |0 |0 |0 |0 |0 |0 |0 |0 |0 |0 |0 |0 |0 |0 |0 |0 |0 |0 |0 |0 |0 |0 |0 |0 |0 |0 |0 |0 |0 |0 |0 |0 |0 |0 |0 |0 |0 |0 |0 |0 |0 |0 |0 |0 |0 |0 |0 |0 |0 |0 |0 |0 |0 |0 |0 |0 |0 |0 |0 |0 |0 |0 |0 |0 |0 |0 |0 |0 |0 |0 |0 |0 |
0 |0 |0 |0 |0 |0 |0 |0 |0 |0 |0 |0 |0 |0 |0 |0 |0 |0 |0 |0 |0 |0 |0 |0 |0 |0 |0 |0 |0 |0 |0 |0 |0 |0 |0 |0 |0 |0 |0 |0 |0 |0 |0 |0 |0 |0 |0 |0 |0 |0 |0 |0 |0 |0 |0 |0 |0 |0 |0 |0 |0 |0 |0 |0 |0 |0 |0 |0 |0 |0 |0 |0 |0 |0 |0 |0 |0 |0 |0 |0 |0 |0 |0 |0 |0 |0 |0 |0 |0 |0 |0 |0 |0 |0 |0 |0 |0 |0 |0 |0 |
